no. frames, tile numbers
00001, 32, 33, 50, 51, 52, 53, 54, 69, 70, 71, 72, 73, 74, 75, 89, 90, 91, 92, 93, 94, 95, 109, 110, 111, 112, 113, 114, 115, 130, 131, 132, 133, 134, 151, 152, 153
00002, 32, 33, 50, 51, 52, 53, 54, 69, 70, 71, 72, 73, 74, 75, 89, 90, 91, 92, 93, 94, 95, 109, 110, 111, 112, 113, 114, 115, 130, 131, 132, 133, 134, 151, 152, 153
00003, 32, 33, 50, 51, 52, 53, 54, 69, 70, 71, 72, 73, 74, 75, 89, 90, 91, 92, 93, 94, 95, 109, 110, 111, 112, 113, 114, 115, 130, 131, 132, 133, 134, 151, 152, 153
00004, 32, 33, 50, 51, 52, 53, 54, 69, 70, 71, 72, 73, 74, 75, 89, 90, 91, 92, 93, 94, 95, 109, 110, 111, 112, 113, 114, 115, 130, 131, 132, 133, 134, 151, 152, 153
00005, 32, 33, 50, 51, 52, 53, 54, 69, 70, 71, 72, 73, 74, 75, 89, 90, 91, 92, 93, 94, 95, 109, 110, 111, 112, 113, 114, 115, 130, 131, 132, 133, 134, 151, 152, 153
00006, 32, 33, 50, 51, 52, 53, 54, 69, 70, 71, 72, 73, 74, 75, 89, 90, 91, 92, 93, 94, 95, 109, 110, 111, 112, 113, 114, 115, 130, 131, 132, 133, 134, 151, 152, 153
00007, 32, 33, 50, 51, 52, 53, 54, 69, 70, 71, 72, 73, 74, 75, 89, 90, 91, 92, 93, 94, 95, 109, 110, 111, 112, 113, 114, 115, 130, 131, 132, 133, 134, 150, 151, 152, 153
00008, 32, 33, 50, 51, 52, 53, 54, 69, 70, 71, 72, 73, 74, 75, 89, 90, 91, 92, 93, 94, 95, 109, 110, 111, 112, 113, 114, 115, 130, 131, 132, 133, 134, 150, 151, 152, 153
00009, 32, 33, 50, 51, 52, 53, 54, 69, 70, 71, 72, 73, 74, 75, 89, 90, 91, 92, 93, 94, 95, 109, 110, 111, 112, 113, 114, 115, 130, 131, 132, 133, 134, 150, 151, 152, 153
00010, 32, 33, 50, 51, 52, 53, 54, 69, 70, 71, 72, 73, 74, 75, 89, 90, 91, 92, 93, 94, 95, 109, 110, 111, 112, 113, 114, 115, 130, 131, 132, 133, 134, 150, 151, 152, 153
00011, 32, 33, 50, 51, 52, 53, 54, 69, 70, 71, 72, 73, 74, 75, 89, 90, 91, 92, 93, 94, 95, 109, 110, 111, 112, 113, 114, 115, 130, 131, 132, 133, 134, 150, 151, 152, 153
00012, 32, 33, 50, 51, 52, 53, 54, 69, 70, 71, 72, 73, 74, 75, 89, 90, 91, 92, 93, 94, 95, 109, 110, 111, 112, 113, 114, 115, 130, 131, 132, 133, 134, 150, 151, 152, 153
00013, 32, 33, 50, 51, 52, 53, 54, 69, 70, 71, 72, 73, 74, 75, 89, 90, 91, 92, 93, 94, 95, 109, 110, 111, 112, 113, 114, 115, 129, 130, 131, 132, 133, 134, 150, 151, 152, 153, 154
00014, 32, 33, 50, 51, 52, 53, 54, 69, 70, 71, 72, 73, 74, 75, 89, 90, 91, 92, 93, 94, 95, 109, 110, 111, 112, 113, 114, 115, 129, 130, 131, 132, 133, 134, 150, 151, 152, 153, 154
00015, 51, 52, 53, 54, 69, 70, 71, 72, 73, 74, 89, 90, 91, 92, 93, 94, 95, 109, 110, 111, 112, 113, 114, 115, 129, 130, 131, 132, 133, 134, 150, 151, 152, 153, 154
00016, 51, 52, 53, 54, 69, 70, 71, 72, 73, 74, 89, 90, 91, 92, 93, 94, 95, 109, 110, 111, 112, 113, 114, 115, 129, 130, 131, 132, 133, 134, 150, 151, 152, 153, 154
00017, 51, 52, 53, 69, 70, 71, 72, 73, 74, 89, 90, 91, 92, 93, 94, 95, 109, 110, 111, 112, 113, 114, 115, 129, 130, 131, 132, 133, 134, 150, 151, 152, 153, 154, 171, 172, 173
00018, 51, 52, 53, 69, 70, 71, 72, 73, 74, 89, 90, 91, 92, 93, 94, 95, 109, 110, 111, 112, 113, 114, 115, 129, 130, 131, 132, 133, 134, 150, 151, 152, 153, 154, 171, 172, 173
00019, 51, 52, 53, 69, 70, 71, 72, 73, 74, 89, 90, 91, 92, 93, 94, 109, 110, 111, 112, 113, 114, 129, 130, 131, 132, 133, 134, 149, 150, 151, 152, 153, 154, 170, 171, 172, 173
00020, 51, 52, 53, 69, 70, 71, 72, 73, 74, 89, 90, 91, 92, 93, 94, 109, 110, 111, 112, 113, 114, 129, 130, 131, 132, 133, 134, 149, 150, 151, 152, 153, 154, 170, 171, 172, 173
00021, 51, 52, 53, 69, 70, 71, 72, 73, 74, 89, 90, 91, 92, 93, 94, 109, 110, 111, 112, 113, 114, 129, 130, 131, 132, 133, 134, 149, 150, 151, 152, 153, 154, 170, 171, 172, 173
00022, 51, 52, 53, 69, 70, 71, 72, 73, 74, 89, 90, 91, 92, 93, 94, 109, 110, 111, 112, 113, 114, 129, 130, 131, 132, 133, 134, 149, 150, 151, 152, 153, 154, 170, 171, 172, 173
00023, 52, 69, 70, 71, 72, 73, 74, 89, 90, 91, 92, 93, 94, 109, 110, 111, 112, 113, 114, 129, 130, 131, 132, 133, 134, 149, 150, 151, 152, 153, 154, 170, 171, 172, 173
00024, 52, 69, 70, 71, 72, 73, 74, 89, 90, 91, 92, 93, 94, 109, 110, 111, 112, 113, 114, 129, 130, 131, 132, 133, 134, 149, 150, 151, 152, 153, 154, 170, 171, 172, 173
00025, 52, 69, 70, 71, 72, 73, 89, 90, 91, 92, 93, 94, 109, 110, 111, 112, 113, 114, 129, 130, 131, 132, 133, 134, 149, 150, 151, 152, 153, 154, 169, 170, 171, 172, 173, 174
00026, 52, 69, 70, 71, 72, 73, 89, 90, 91, 92, 93, 94, 109, 110, 111, 112, 113, 114, 129, 130, 131, 132, 133, 134, 149, 150, 151, 152, 153, 154, 169, 170, 171, 172, 173, 174
00027, 52, 70, 71, 72, 73, 89, 90, 91, 92, 93, 94, 109, 110, 111, 112, 113, 114, 129, 130, 131, 132, 133, 134, 149, 150, 151, 152, 153, 154, 169, 170, 171, 172, 173, 174
00028, 52, 70, 71, 72, 73, 89, 90, 91, 92, 93, 94, 109, 110, 111, 112, 113, 114, 129, 130, 131, 132, 133, 134, 149, 150, 151, 152, 153, 154, 169, 170, 171, 172, 173, 174
00029, 71, 72, 73, 89, 90, 91, 92, 93, 94, 108, 109, 110, 111, 112, 113, 114, 128, 129, 130, 131, 132, 133, 134, 149, 150, 151, 152, 153, 154, 169, 170, 171, 172, 173, 174
00030, 71, 72, 73, 89, 90, 91, 92, 93, 94, 108, 109, 110, 111, 112, 113, 114, 128, 129, 130, 131, 132, 133, 134, 149, 150, 151, 152, 153, 154, 169, 170, 171, 172, 173, 174
00031, 71, 72, 73, 89, 90, 91, 92, 93, 94, 108, 109, 110, 111, 112, 113, 114, 128, 129, 130, 131, 132, 133, 134, 149, 150, 151, 152, 153, 154, 169, 170, 171, 172, 173, 174
00032, 71, 72, 73, 89, 90, 91, 92, 93, 94, 108, 109, 110, 111, 112, 113, 114, 128, 129, 130, 131, 132, 133, 134, 149, 150, 151, 152, 153, 154, 169, 170, 171, 172, 173, 174
00033, 71, 72, 73, 89, 90, 91, 92, 93, 94, 108, 109, 110, 111, 112, 113, 114, 128, 129, 130, 131, 132, 133, 134, 148, 149, 150, 151, 152, 153, 154, 169, 170, 171, 172, 173, 174, 191, 192
00034, 71, 72, 73, 89, 90, 91, 92, 93, 94, 108, 109, 110, 111, 112, 113, 114, 128, 129, 130, 131, 132, 133, 134, 148, 149, 150, 151, 152, 153, 154, 169, 170, 171, 172, 173, 174, 191, 192
00035, 71, 72, 73, 89, 90, 91, 92, 93, 94, 108, 109, 110, 111, 112, 113, 114, 128, 129, 130, 131, 132, 133, 134, 148, 149, 150, 151, 152, 153, 154, 169, 170, 171, 172, 173, 174, 190, 191, 192, 193
00036, 71, 72, 73, 89, 90, 91, 92, 93, 94, 108, 109, 110, 111, 112, 113, 114, 128, 129, 130, 131, 132, 133, 134, 148, 149, 150, 151, 152, 153, 154, 169, 170, 171, 172, 173, 174, 190, 191, 192, 193
00037, 71, 72, 73, 89, 90, 91, 92, 93, 94, 108, 109, 110, 111, 112, 113, 114, 128, 129, 130, 131, 132, 133, 134, 148, 149, 150, 151, 152, 153, 154, 169, 170, 171, 172, 173, 174, 190, 191, 192, 193
00038, 71, 72, 73, 89, 90, 91, 92, 93, 94, 108, 109, 110, 111, 112, 113, 114, 128, 129, 130, 131, 132, 133, 134, 148, 149, 150, 151, 152, 153, 154, 169, 170, 171, 172, 173, 174, 190, 191, 192, 193
00039, 71, 72, 73, 89, 90, 91, 92, 93, 94, 108, 109, 110, 111, 112, 113, 114, 128, 129, 130, 131, 132, 133, 134, 148, 149, 150, 151, 152, 153, 154, 169, 170, 171, 172, 173, 174, 190, 191, 192, 193
00040, 71, 72, 73, 89, 90, 91, 92, 93, 94, 108, 109, 110, 111, 112, 113, 114, 128, 129, 130, 131, 132, 133, 134, 148, 149, 150, 151, 152, 153, 154, 169, 170, 171, 172, 173, 174, 190, 191, 192, 193
00041, 71, 72, 73, 89, 90, 91, 92, 93, 94, 108, 109, 110, 111, 112, 113, 114, 128, 129, 130, 131, 132, 133, 134, 148, 149, 150, 151, 152, 153, 154, 168, 169, 170, 171, 172, 173, 174, 189, 190, 191, 192, 193
00042, 71, 72, 73, 89, 90, 91, 92, 93, 94, 108, 109, 110, 111, 112, 113, 114, 128, 129, 130, 131, 132, 133, 134, 148, 149, 150, 151, 152, 153, 154, 168, 169, 170, 171, 172, 173, 174, 189, 190, 191, 192, 193
00043, 71, 72, 73, 89, 90, 91, 92, 93, 94, 108, 109, 110, 111, 112, 113, 114, 128, 129, 130, 131, 132, 133, 134, 148, 149, 150, 151, 152, 153, 154, 169, 170, 171, 172, 173, 174, 190, 191, 192, 193
00044, 71, 72, 73, 89, 90, 91, 92, 93, 94, 108, 109, 110, 111, 112, 113, 114, 128, 129, 130, 131, 132, 133, 134, 148, 149, 150, 151, 152, 153, 154, 169, 170, 171, 172, 173, 174, 190, 191, 192, 193
00045, 71, 72, 73, 89, 90, 91, 92, 93, 94, 108, 109, 110, 111, 112, 113, 114, 128, 129, 130, 131, 132, 133, 134, 148, 149, 150, 151, 152, 153, 154, 169, 170, 171, 172, 173, 174, 190, 191, 192, 193
00046, 71, 72, 73, 89, 90, 91, 92, 93, 94, 108, 109, 110, 111, 112, 113, 114, 128, 129, 130, 131, 132, 133, 134, 148, 149, 150, 151, 152, 153, 154, 169, 170, 171, 172, 173, 174, 190, 191, 192, 193
00047, 71, 72, 73, 89, 90, 91, 92, 93, 94, 109, 110, 111, 112, 113, 114, 129, 130, 131, 132, 133, 134, 135, 149, 150, 151, 152, 153, 154, 155, 169, 170, 171, 172, 173, 174, 190, 191, 192, 193
00048, 71, 72, 73, 89, 90, 91, 92, 93, 94, 109, 110, 111, 112, 113, 114, 129, 130, 131, 132, 133, 134, 135, 149, 150, 151, 152, 153, 154, 155, 169, 170, 171, 172, 173, 174, 190, 191, 192, 193
00049, 71, 72, 73, 89, 90, 91, 92, 93, 94, 109, 110, 111, 112, 113, 114, 115, 129, 130, 131, 132, 133, 134, 135, 149, 150, 151, 152, 153, 154, 155, 169, 170, 171, 172, 173, 174, 191, 192, 193
00050, 71, 72, 73, 89, 90, 91, 92, 93, 94, 109, 110, 111, 112, 113, 114, 115, 129, 130, 131, 132, 133, 134, 135, 149, 150, 151, 152, 153, 154, 155, 169, 170, 171, 172, 173, 174, 191, 192, 193
00051, 71, 72, 73, 89, 90, 91, 92, 93, 94, 109, 110, 111, 112, 113, 114, 115, 129, 130, 131, 132, 133, 134, 135, 149, 150, 151, 152, 153, 154, 155, 169, 170, 171, 172, 173, 174, 191, 192, 193
00052, 71, 72, 73, 89, 90, 91, 92, 93, 94, 109, 110, 111, 112, 113, 114, 115, 129, 130, 131, 132, 133, 134, 135, 149, 150, 151, 152, 153, 154, 155, 169, 170, 171, 172, 173, 174, 191, 192, 193
00053, 71, 72, 73, 74, 89, 90, 91, 92, 93, 94, 109, 110, 111, 112, 113, 114, 115, 129, 130, 131, 132, 133, 134, 135, 149, 150, 151, 152, 153, 154, 155, 169, 170, 171, 172, 173, 174, 192
00054, 71, 72, 73, 74, 89, 90, 91, 92, 93, 94, 109, 110, 111, 112, 113, 114, 115, 129, 130, 131, 132, 133, 134, 135, 149, 150, 151, 152, 153, 154, 155, 169, 170, 171, 172, 173, 174, 192
00055, 71, 72, 73, 74, 89, 90, 91, 92, 93, 94, 95, 109, 110, 111, 112, 113, 114, 115, 129, 130, 131, 132, 133, 134, 135, 149, 150, 151, 152, 153, 154, 155, 170, 171, 172, 173, 174
00056, 71, 72, 73, 74, 89, 90, 91, 92, 93, 94, 95, 109, 110, 111, 112, 113, 114, 115, 129, 130, 131, 132, 133, 134, 135, 149, 150, 151, 152, 153, 154, 155, 170, 171, 172, 173, 174
00057, 71, 72, 73, 74, 89, 90, 91, 92, 93, 94, 95, 109, 110, 111, 112, 113, 114, 115, 129, 130, 131, 132, 133, 134, 135, 149, 150, 151, 152, 153, 154, 155, 170, 171, 172, 173, 174, 175
00058, 71, 72, 73, 74, 89, 90, 91, 92, 93, 94, 95, 109, 110, 111, 112, 113, 114, 115, 129, 130, 131, 132, 133, 134, 135, 149, 150, 151, 152, 153, 154, 155, 170, 171, 172, 173, 174, 175
00059, 71, 72, 73, 74, 90, 91, 92, 93, 94, 95, 109, 110, 111, 112, 113, 114, 115, 129, 130, 131, 132, 133, 134, 135, 149, 150, 151, 152, 153, 154, 155, 170, 171, 172, 173, 174, 175
00060, 71, 72, 73, 74, 90, 91, 92, 93, 94, 95, 109, 110, 111, 112, 113, 114, 115, 129, 130, 131, 132, 133, 134, 135, 149, 150, 151, 152, 153, 154, 155, 170, 171, 172, 173, 174, 175
00061, 70, 71, 72, 73, 74, 90, 91, 92, 93, 94, 95, 109, 110, 111, 112, 113, 114, 115, 129, 130, 131, 132, 133, 134, 135, 149, 150, 151, 152, 153, 154, 155, 170, 171, 172, 173, 174
00062, 70, 71, 72, 73, 74, 90, 91, 92, 93, 94, 95, 109, 110, 111, 112, 113, 114, 115, 129, 130, 131, 132, 133, 134, 135, 149, 150, 151, 152, 153, 154, 155, 170, 171, 172, 173, 174
00063, 52, 53, 70, 71, 72, 73, 74, 90, 91, 92, 93, 94, 95, 109, 110, 111, 112, 113, 114, 115, 129, 130, 131, 132, 133, 134, 135, 150, 151, 152, 153, 154, 155, 170, 171, 172, 173, 174
00064, 52, 53, 70, 71, 72, 73, 74, 90, 91, 92, 93, 94, 95, 109, 110, 111, 112, 113, 114, 115, 129, 130, 131, 132, 133, 134, 135, 150, 151, 152, 153, 154, 155, 170, 171, 172, 173, 174
00065, 52, 53, 54, 70, 71, 72, 73, 74, 75, 90, 91, 92, 93, 94, 95, 110, 111, 112, 113, 114, 115, 130, 131, 132, 133, 134, 135, 150, 151, 152, 153, 154, 155, 171, 172, 173, 174
00066, 52, 53, 54, 70, 71, 72, 73, 74, 75, 90, 91, 92, 93, 94, 95, 110, 111, 112, 113, 114, 115, 130, 131, 132, 133, 134, 135, 150, 151, 152, 153, 154, 155, 171, 172, 173, 174
00067, 52, 53, 54, 70, 71, 72, 73, 74, 75, 90, 91, 92, 93, 94, 95, 110, 111, 112, 113, 114, 115, 130, 131, 132, 133, 134, 135, 151, 152, 153, 154, 155, 172, 173, 174
00068, 52, 53, 54, 70, 71, 72, 73, 74, 75, 90, 91, 92, 93, 94, 95, 110, 111, 112, 113, 114, 115, 130, 131, 132, 133, 134, 135, 151, 152, 153, 154, 155, 172, 173, 174
00069, 52, 53, 54, 55, 70, 71, 72, 73, 74, 75, 90, 91, 92, 93, 94, 95, 96, 110, 111, 112, 113, 114, 115, 116, 130, 131, 132, 133, 134, 135, 151, 152, 153, 154, 155
00070, 52, 53, 54, 55, 70, 71, 72, 73, 74, 75, 90, 91, 92, 93, 94, 95, 96, 110, 111, 112, 113, 114, 115, 116, 130, 131, 132, 133, 134, 135, 151, 152, 153, 154, 155
00071, 33, 34, 51, 52, 53, 54, 55, 70, 71, 72, 73, 74, 75, 76, 90, 91, 92, 93, 94, 95, 96, 110, 111, 112, 113, 114, 115, 116, 131, 132, 133, 134, 135, 136, 151, 152, 153, 154, 155
00072, 33, 34, 51, 52, 53, 54, 55, 70, 71, 72, 73, 74, 75, 76, 90, 91, 92, 93, 94, 95, 96, 110, 111, 112, 113, 114, 115, 116, 131, 132, 133, 134, 135, 136, 151, 152, 153, 154, 155
00073, 33, 34, 35, 51, 52, 53, 54, 55, 56, 71, 72, 73, 74, 75, 76, 91, 92, 93, 94, 95, 96, 111, 112, 113, 114, 115, 116, 131, 132, 133, 134, 135, 136, 152, 153, 154, 155
00074, 33, 34, 35, 51, 52, 53, 54, 55, 56, 71, 72, 73, 74, 75, 76, 91, 92, 93, 94, 95, 96, 111, 112, 113, 114, 115, 116, 131, 132, 133, 134, 135, 136, 152, 153, 154, 155
00075, 33, 34, 35, 51, 52, 53, 54, 55, 56, 71, 72, 73, 74, 75, 76, 91, 92, 93, 94, 95, 96, 111, 112, 113, 114, 115, 116, 131, 132, 133, 134, 135, 136, 152, 153, 154, 155
00076, 33, 34, 35, 51, 52, 53, 54, 55, 56, 71, 72, 73, 74, 75, 76, 91, 92, 93, 94, 95, 96, 111, 112, 113, 114, 115, 116, 131, 132, 133, 134, 135, 136, 152, 153, 154, 155
00077, 33, 34, 35, 51, 52, 53, 54, 55, 56, 71, 72, 73, 74, 75, 76, 91, 92, 93, 94, 95, 96, 111, 112, 113, 114, 115, 116, 131, 132, 133, 134, 135, 136, 153, 154, 155
00078, 33, 34, 35, 51, 52, 53, 54, 55, 56, 71, 72, 73, 74, 75, 76, 91, 92, 93, 94, 95, 96, 111, 112, 113, 114, 115, 116, 131, 132, 133, 134, 135, 136, 153, 154, 155
00079, 33, 34, 35, 36, 51, 52, 53, 54, 55, 56, 71, 72, 73, 74, 75, 76, 77, 91, 92, 93, 94, 95, 96, 97, 111, 112, 113, 114, 115, 116, 132, 133, 134, 135, 136, 153, 154
00080, 33, 34, 35, 36, 51, 52, 53, 54, 55, 56, 71, 72, 73, 74, 75, 76, 77, 91, 92, 93, 94, 95, 96, 97, 111, 112, 113, 114, 115, 116, 132, 133, 134, 135, 136, 153, 154
00081, 33, 34, 35, 36, 51, 52, 53, 54, 55, 56, 57, 71, 72, 73, 74, 75, 76, 77, 91, 92, 93, 94, 95, 96, 97, 111, 112, 113, 114, 115, 116, 132, 133, 134, 135, 136, 154
00082, 33, 34, 35, 36, 51, 52, 53, 54, 55, 56, 57, 71, 72, 73, 74, 75, 76, 77, 91, 92, 93, 94, 95, 96, 97, 111, 112, 113, 114, 115, 116, 132, 133, 134, 135, 136, 154
00083, 32, 33, 34, 35, 36, 51, 52, 53, 54, 55, 56, 57, 71, 72, 73, 74, 75, 76, 77, 91, 92, 93, 94, 95, 96, 97, 111, 112, 113, 114, 115, 116, 117, 132, 133, 134, 135, 136
00084, 32, 33, 34, 35, 36, 51, 52, 53, 54, 55, 56, 57, 71, 72, 73, 74, 75, 76, 77, 91, 92, 93, 94, 95, 96, 97, 111, 112, 113, 114, 115, 116, 117, 132, 133, 134, 135, 136
00085, 14, 15, 31, 32, 33, 34, 35, 36, 37, 51, 52, 53, 54, 55, 56, 57, 71, 72, 73, 74, 75, 76, 77, 91, 92, 93, 94, 95, 96, 97, 111, 112, 113, 114, 115, 116, 117, 132, 133, 134, 135, 136
00086, 14, 15, 31, 32, 33, 34, 35, 36, 37, 51, 52, 53, 54, 55, 56, 57, 71, 72, 73, 74, 75, 76, 77, 91, 92, 93, 94, 95, 96, 97, 111, 112, 113, 114, 115, 116, 117, 132, 133, 134, 135, 136
00087, 13, 14, 15, 16, 31, 32, 33, 34, 35, 36, 37, 51, 52, 53, 54, 55, 56, 57, 71, 72, 73, 74, 75, 76, 77, 91, 92, 93, 94, 95, 96, 97, 112, 113, 114, 115, 116, 117, 133, 134, 135, 136
00088, 13, 14, 15, 16, 31, 32, 33, 34, 35, 36, 37, 51, 52, 53, 54, 55, 56, 57, 71, 72, 73, 74, 75, 76, 77, 91, 92, 93, 94, 95, 96, 97, 112, 113, 114, 115, 116, 117, 133, 134, 135, 136
00089, 13, 14, 15, 16, 31, 32, 33, 34, 35, 36, 37, 51, 52, 53, 54, 55, 56, 57, 71, 72, 73, 74, 75, 76, 77, 91, 92, 93, 94, 95, 96, 97, 112, 113, 114, 115, 116, 117, 133, 134, 135
00090, 13, 14, 15, 16, 31, 32, 33, 34, 35, 36, 37, 51, 52, 53, 54, 55, 56, 57, 71, 72, 73, 74, 75, 76, 77, 91, 92, 93, 94, 95, 96, 97, 112, 113, 114, 115, 116, 117, 133, 134, 135
00091, 13, 14, 15, 16, 17, 31, 32, 33, 34, 35, 36, 37, 51, 52, 53, 54, 55, 56, 57, 71, 72, 73, 74, 75, 76, 77, 91, 92, 93, 94, 95, 96, 97, 112, 113, 114, 115, 116, 133, 134, 135
00092, 13, 14, 15, 16, 17, 31, 32, 33, 34, 35, 36, 37, 51, 52, 53, 54, 55, 56, 57, 71, 72, 73, 74, 75, 76, 77, 91, 92, 93, 94, 95, 96, 97, 112, 113, 114, 115, 116, 133, 134, 135
00093, 12, 13, 14, 15, 16, 17, 31, 32, 33, 34, 35, 36, 37, 51, 52, 53, 54, 55, 56, 57, 71, 72, 73, 74, 75, 76, 77, 91, 92, 93, 94, 95, 96, 97, 112, 113, 114, 115, 116, 133, 134, 135
00094, 12, 13, 14, 15, 16, 17, 31, 32, 33, 34, 35, 36, 37, 51, 52, 53, 54, 55, 56, 57, 71, 72, 73, 74, 75, 76, 77, 91, 92, 93, 94, 95, 96, 97, 112, 113, 114, 115, 116, 133, 134, 135
00095, 12, 13, 14, 15, 16, 17, 18, 31, 32, 33, 34, 35, 36, 37, 38, 51, 52, 53, 54, 55, 56, 57, 58, 71, 72, 73, 74, 75, 76, 77, 78, 91, 92, 93, 94, 95, 96, 97, 112, 113, 114, 115, 116, 134, 135
00096, 12, 13, 14, 15, 16, 17, 18, 31, 32, 33, 34, 35, 36, 37, 38, 51, 52, 53, 54, 55, 56, 57, 58, 71, 72, 73, 74, 75, 76, 77, 78, 91, 92, 93, 94, 95, 96, 97, 112, 113, 114, 115, 116, 134, 135
00097, 12, 13, 14, 15, 16, 17, 18, 31, 32, 33, 34, 35, 36, 37, 38, 51, 52, 53, 54, 55, 56, 57, 58, 71, 72, 73, 74, 75, 76, 77, 78, 91, 92, 93, 94, 95, 96, 97, 112, 113, 114, 115, 116, 134
00098, 12, 13, 14, 15, 16, 17, 18, 31, 32, 33, 34, 35, 36, 37, 38, 51, 52, 53, 54, 55, 56, 57, 58, 71, 72, 73, 74, 75, 76, 77, 78, 91, 92, 93, 94, 95, 96, 97, 112, 113, 114, 115, 116, 134
00099, 11, 12, 13, 14, 15, 16, 17, 18, 30, 31, 32, 33, 34, 35, 36, 37, 38, 51, 52, 53, 54, 55, 56, 57, 58, 71, 72, 73, 74, 75, 76, 77, 78, 91, 92, 93, 94, 95, 96, 97, 112, 113, 114, 115, 116
00100, 11, 12, 13, 14, 15, 16, 17, 18, 30, 31, 32, 33, 34, 35, 36, 37, 38, 51, 52, 53, 54, 55, 56, 57, 58, 71, 72, 73, 74, 75, 76, 77, 78, 91, 92, 93, 94, 95, 96, 97, 112, 113, 114, 115, 116
00101, 11, 12, 13, 14, 15, 16, 17, 18, 30, 31, 32, 33, 34, 35, 36, 37, 38, 50, 51, 52, 53, 54, 55, 56, 57, 58, 71, 72, 73, 74, 75, 76, 77, 78, 91, 92, 93, 94, 95, 96, 97, 112, 113, 114, 115, 116
00102, 11, 12, 13, 14, 15, 16, 17, 18, 30, 31, 32, 33, 34, 35, 36, 37, 38, 50, 51, 52, 53, 54, 55, 56, 57, 58, 71, 72, 73, 74, 75, 76, 77, 78, 91, 92, 93, 94, 95, 96, 97, 112, 113, 114, 115, 116
00103, 11, 12, 13, 14, 15, 16, 17, 18, 30, 31, 32, 33, 34, 35, 36, 37, 38, 50, 51, 52, 53, 54, 55, 56, 57, 58, 71, 72, 73, 74, 75, 76, 77, 78, 91, 92, 93, 94, 95, 96, 97, 112, 113, 114, 115, 116
00104, 11, 12, 13, 14, 15, 16, 17, 18, 30, 31, 32, 33, 34, 35, 36, 37, 38, 50, 51, 52, 53, 54, 55, 56, 57, 58, 71, 72, 73, 74, 75, 76, 77, 78, 91, 92, 93, 94, 95, 96, 97, 112, 113, 114, 115, 116
00105, 11, 12, 13, 14, 15, 16, 17, 18, 19, 30, 31, 32, 33, 34, 35, 36, 37, 38, 50, 51, 52, 53, 54, 55, 56, 57, 58, 71, 72, 73, 74, 75, 76, 77, 78, 91, 92, 93, 94, 95, 96, 97, 112, 113, 114, 115, 116
00106, 11, 12, 13, 14, 15, 16, 17, 18, 19, 30, 31, 32, 33, 34, 35, 36, 37, 38, 50, 51, 52, 53, 54, 55, 56, 57, 58, 71, 72, 73, 74, 75, 76, 77, 78, 91, 92, 93, 94, 95, 96, 97, 112, 113, 114, 115, 116
00107, 11, 12, 13, 14, 15, 16, 17, 18, 19, 30, 31, 32, 33, 34, 35, 36, 37, 38, 50, 51, 52, 53, 54, 55, 56, 57, 58, 71, 72, 73, 74, 75, 76, 77, 78, 91, 92, 93, 94, 95, 96, 97, 112, 113, 114, 115, 116
00108, 11, 12, 13, 14, 15, 16, 17, 18, 19, 30, 31, 32, 33, 34, 35, 36, 37, 38, 50, 51, 52, 53, 54, 55, 56, 57, 58, 71, 72, 73, 74, 75, 76, 77, 78, 91, 92, 93, 94, 95, 96, 97, 112, 113, 114, 115, 116
00109, 11, 12, 13, 14, 15, 16, 17, 18, 30, 31, 32, 33, 34, 35, 36, 37, 38, 50, 51, 52, 53, 54, 55, 56, 57, 58, 71, 72, 73, 74, 75, 76, 77, 78, 91, 92, 93, 94, 95, 96, 97, 112, 113, 114, 115, 116
00110, 11, 12, 13, 14, 15, 16, 17, 18, 30, 31, 32, 33, 34, 35, 36, 37, 38, 50, 51, 52, 53, 54, 55, 56, 57, 58, 71, 72, 73, 74, 75, 76, 77, 78, 91, 92, 93, 94, 95, 96, 97, 112, 113, 114, 115, 116
00111, 11, 12, 13, 14, 15, 16, 17, 18, 30, 31, 32, 33, 34, 35, 36, 37, 38, 50, 51, 52, 53, 54, 55, 56, 57, 58, 71, 72, 73, 74, 75, 76, 77, 91, 92, 93, 94, 95, 96, 97, 112, 113, 114, 115, 116
00112, 11, 12, 13, 14, 15, 16, 17, 18, 30, 31, 32, 33, 34, 35, 36, 37, 38, 50, 51, 52, 53, 54, 55, 56, 57, 58, 71, 72, 73, 74, 75, 76, 77, 91, 92, 93, 94, 95, 96, 97, 112, 113, 114, 115, 116
00113, 11, 12, 13, 14, 15, 16, 17, 18, 30, 31, 32, 33, 34, 35, 36, 37, 38, 50, 51, 52, 53, 54, 55, 56, 57, 58, 71, 72, 73, 74, 75, 76, 77, 91, 92, 93, 94, 95, 96, 97, 112, 113, 114, 115, 116
00114, 11, 12, 13, 14, 15, 16, 17, 18, 30, 31, 32, 33, 34, 35, 36, 37, 38, 50, 51, 52, 53, 54, 55, 56, 57, 58, 71, 72, 73, 74, 75, 76, 77, 91, 92, 93, 94, 95, 96, 97, 112, 113, 114, 115, 116
00115, 11, 12, 13, 14, 15, 16, 17, 18, 30, 31, 32, 33, 34, 35, 36, 37, 38, 50, 51, 52, 53, 54, 55, 56, 57, 58, 71, 72, 73, 74, 75, 76, 77, 91, 92, 93, 94, 95, 96, 97, 112, 113, 114, 115, 116
00116, 11, 12, 13, 14, 15, 16, 17, 18, 30, 31, 32, 33, 34, 35, 36, 37, 38, 50, 51, 52, 53, 54, 55, 56, 57, 58, 71, 72, 73, 74, 75, 76, 77, 91, 92, 93, 94, 95, 96, 97, 112, 113, 114, 115, 116
00117, 11, 12, 13, 14, 15, 16, 17, 18, 30, 31, 32, 33, 34, 35, 36, 37, 38, 50, 51, 52, 53, 54, 55, 56, 57, 58, 71, 72, 73, 74, 75, 76, 77, 91, 92, 93, 94, 95, 96, 97, 112, 113, 114, 115, 116
00118, 11, 12, 13, 14, 15, 16, 17, 18, 30, 31, 32, 33, 34, 35, 36, 37, 38, 50, 51, 52, 53, 54, 55, 56, 57, 58, 71, 72, 73, 74, 75, 76, 77, 91, 92, 93, 94, 95, 96, 97, 112, 113, 114, 115, 116
00119, 11, 12, 13, 14, 15, 16, 17, 18, 30, 31, 32, 33, 34, 35, 36, 37, 38, 50, 51, 52, 53, 54, 55, 56, 57, 71, 72, 73, 74, 75, 76, 77, 91, 92, 93, 94, 95, 96, 97, 112, 113, 114, 115, 116, 134
00120, 11, 12, 13, 14, 15, 16, 17, 18, 30, 31, 32, 33, 34, 35, 36, 37, 38, 50, 51, 52, 53, 54, 55, 56, 57, 71, 72, 73, 74, 75, 76, 77, 91, 92, 93, 94, 95, 96, 97, 112, 113, 114, 115, 116, 134
00121, 11, 12, 13, 14, 15, 16, 17, 30, 31, 32, 33, 34, 35, 36, 37, 50, 51, 52, 53, 54, 55, 56, 57, 70, 71, 72, 73, 74, 75, 76, 77, 91, 92, 93, 94, 95, 96, 97, 112, 113, 114, 115, 116, 134
00122, 11, 12, 13, 14, 15, 16, 17, 30, 31, 32, 33, 34, 35, 36, 37, 50, 51, 52, 53, 54, 55, 56, 57, 70, 71, 72, 73, 74, 75, 76, 77, 91, 92, 93, 94, 95, 96, 97, 112, 113, 114, 115, 116, 134
00123, 11, 12, 13, 14, 15, 16, 17, 30, 31, 32, 33, 34, 35, 36, 37, 50, 51, 52, 53, 54, 55, 56, 57, 70, 71, 72, 73, 74, 75, 76, 77, 91, 92, 93, 94, 95, 96, 97, 112, 113, 114, 115, 116, 133, 134
00124, 11, 12, 13, 14, 15, 16, 17, 30, 31, 32, 33, 34, 35, 36, 37, 50, 51, 52, 53, 54, 55, 56, 57, 70, 71, 72, 73, 74, 75, 76, 77, 91, 92, 93, 94, 95, 96, 97, 112, 113, 114, 115, 116, 133, 134
00125, 11, 12, 13, 14, 15, 16, 17, 30, 31, 32, 33, 34, 35, 36, 37, 50, 51, 52, 53, 54, 55, 56, 57, 70, 71, 72, 73, 74, 75, 76, 77, 91, 92, 93, 94, 95, 96, 97, 112, 113, 114, 115, 116, 133, 134
00126, 11, 12, 13, 14, 15, 16, 17, 30, 31, 32, 33, 34, 35, 36, 37, 50, 51, 52, 53, 54, 55, 56, 57, 70, 71, 72, 73, 74, 75, 76, 77, 91, 92, 93, 94, 95, 96, 97, 112, 113, 114, 115, 116, 133, 134
00127, 11, 12, 13, 14, 15, 16, 17, 30, 31, 32, 33, 34, 35, 36, 37, 50, 51, 52, 53, 54, 55, 56, 57, 70, 71, 72, 73, 74, 75, 76, 77, 91, 92, 93, 94, 95, 96, 97, 112, 113, 114, 115, 116, 133, 134
00128, 11, 12, 13, 14, 15, 16, 17, 30, 31, 32, 33, 34, 35, 36, 37, 50, 51, 52, 53, 54, 55, 56, 57, 70, 71, 72, 73, 74, 75, 76, 77, 91, 92, 93, 94, 95, 96, 97, 112, 113, 114, 115, 116, 133, 134
00129, 11, 12, 13, 14, 15, 16, 17, 30, 31, 32, 33, 34, 35, 36, 37, 50, 51, 52, 53, 54, 55, 56, 57, 70, 71, 72, 73, 74, 75, 76, 77, 91, 92, 93, 94, 95, 96, 97, 111, 112, 113, 114, 115, 116, 133, 134
00130, 11, 12, 13, 14, 15, 16, 17, 30, 31, 32, 33, 34, 35, 36, 37, 50, 51, 52, 53, 54, 55, 56, 57, 70, 71, 72, 73, 74, 75, 76, 77, 91, 92, 93, 94, 95, 96, 97, 111, 112, 113, 114, 115, 116, 133, 134
00131, 11, 12, 13, 14, 15, 16, 17, 30, 31, 32, 33, 34, 35, 36, 37, 50, 51, 52, 53, 54, 55, 56, 57, 70, 71, 72, 73, 74, 75, 76, 77, 91, 92, 93, 94, 95, 96, 111, 112, 113, 114, 115, 116, 133, 134
00132, 11, 12, 13, 14, 15, 16, 17, 30, 31, 32, 33, 34, 35, 36, 37, 50, 51, 52, 53, 54, 55, 56, 57, 70, 71, 72, 73, 74, 75, 76, 77, 91, 92, 93, 94, 95, 96, 111, 112, 113, 114, 115, 116, 133, 134
00133, 11, 12, 13, 14, 15, 16, 17, 30, 31, 32, 33, 34, 35, 36, 37, 50, 51, 52, 53, 54, 55, 56, 57, 70, 71, 72, 73, 74, 75, 76, 77, 90, 91, 92, 93, 94, 95, 96, 111, 112, 113, 114, 115, 116, 133, 134
00134, 11, 12, 13, 14, 15, 16, 17, 30, 31, 32, 33, 34, 35, 36, 37, 50, 51, 52, 53, 54, 55, 56, 57, 70, 71, 72, 73, 74, 75, 76, 77, 90, 91, 92, 93, 94, 95, 96, 111, 112, 113, 114, 115, 116, 133, 134
00135, 11, 12, 13, 14, 15, 16, 30, 31, 32, 33, 34, 35, 36, 37, 50, 51, 52, 53, 54, 55, 56, 57, 70, 71, 72, 73, 74, 75, 76, 77, 90, 91, 92, 93, 94, 95, 96, 111, 112, 113, 114, 115, 116, 133, 134
00136, 11, 12, 13, 14, 15, 16, 30, 31, 32, 33, 34, 35, 36, 37, 50, 51, 52, 53, 54, 55, 56, 57, 70, 71, 72, 73, 74, 75, 76, 77, 90, 91, 92, 93, 94, 95, 96, 111, 112, 113, 114, 115, 116, 133, 134
00137, 12, 13, 14, 15, 16, 30, 31, 32, 33, 34, 35, 36, 37, 50, 51, 52, 53, 54, 55, 56, 57, 70, 71, 72, 73, 74, 75, 76, 77, 90, 91, 92, 93, 94, 95, 96, 111, 112, 113, 114, 115, 116, 132, 133, 134
00138, 12, 13, 14, 15, 16, 30, 31, 32, 33, 34, 35, 36, 37, 50, 51, 52, 53, 54, 55, 56, 57, 70, 71, 72, 73, 74, 75, 76, 77, 90, 91, 92, 93, 94, 95, 96, 111, 112, 113, 114, 115, 116, 132, 133, 134
00139, 12, 13, 14, 15, 16, 30, 31, 32, 33, 34, 35, 36, 50, 51, 52, 53, 54, 55, 56, 57, 70, 71, 72, 73, 74, 75, 76, 77, 90, 91, 92, 93, 94, 95, 96, 111, 112, 113, 114, 115, 116, 132, 133, 134, 135
00140, 12, 13, 14, 15, 16, 30, 31, 32, 33, 34, 35, 36, 50, 51, 52, 53, 54, 55, 56, 57, 70, 71, 72, 73, 74, 75, 76, 77, 90, 91, 92, 93, 94, 95, 96, 111, 112, 113, 114, 115, 116, 132, 133, 134, 135
00141, 12, 13, 14, 15, 31, 32, 33, 34, 35, 36, 50, 51, 52, 53, 54, 55, 56, 57, 70, 71, 72, 73, 74, 75, 76, 77, 90, 91, 92, 93, 94, 95, 96, 111, 112, 113, 114, 115, 116, 132, 133, 134, 135
00142, 12, 13, 14, 15, 31, 32, 33, 34, 35, 36, 50, 51, 52, 53, 54, 55, 56, 57, 70, 71, 72, 73, 74, 75, 76, 77, 90, 91, 92, 93, 94, 95, 96, 111, 112, 113, 114, 115, 116, 132, 133, 134, 135
00143, 13, 14, 15, 31, 32, 33, 34, 35, 36, 50, 51, 52, 53, 54, 55, 56, 70, 71, 72, 73, 74, 75, 76, 91, 92, 93, 94, 95, 96, 111, 112, 113, 114, 115, 116, 132, 133, 134, 135
00144, 13, 14, 15, 31, 32, 33, 34, 35, 36, 50, 51, 52, 53, 54, 55, 56, 70, 71, 72, 73, 74, 75, 76, 91, 92, 93, 94, 95, 96, 111, 112, 113, 114, 115, 116, 132, 133, 134, 135
00145, 32, 33, 34, 35, 36, 51, 52, 53, 54, 55, 56, 71, 72, 73, 74, 75, 76, 91, 92, 93, 94, 95, 96, 111, 112, 113, 114, 115, 116, 132, 133, 134, 135
00146, 32, 33, 34, 35, 36, 51, 52, 53, 54, 55, 56, 71, 72, 73, 74, 75, 76, 91, 92, 93, 94, 95, 96, 111, 112, 113, 114, 115, 116, 132, 133, 134, 135
00147, 33, 34, 35, 36, 51, 52, 53, 54, 55, 56, 71, 72, 73, 74, 75, 76, 77, 91, 92, 93, 94, 95, 96, 97, 111, 112, 113, 114, 115, 116, 132, 133, 134, 135, 136, 153, 154
00148, 33, 34, 35, 36, 51, 52, 53, 54, 55, 56, 71, 72, 73, 74, 75, 76, 77, 91, 92, 93, 94, 95, 96, 97, 111, 112, 113, 114, 115, 116, 132, 133, 134, 135, 136, 153, 154
00149, 33, 34, 35, 36, 51, 52, 53, 54, 55, 56, 71, 72, 73, 74, 75, 76, 77, 91, 92, 93, 94, 95, 96, 97, 111, 112, 113, 114, 115, 116, 117, 132, 133, 134, 135, 136, 153, 154, 155
00150, 33, 34, 35, 36, 51, 52, 53, 54, 55, 56, 71, 72, 73, 74, 75, 76, 77, 91, 92, 93, 94, 95, 96, 97, 111, 112, 113, 114, 115, 116, 117, 132, 133, 134, 135, 136, 153, 154, 155
00151, 33, 34, 35, 36, 51, 52, 53, 54, 55, 56, 57, 71, 72, 73, 74, 75, 76, 77, 91, 92, 93, 94, 95, 96, 97, 111, 112, 113, 114, 115, 116, 117, 132, 133, 134, 135, 136, 153, 154, 155
00152, 33, 34, 35, 36, 51, 52, 53, 54, 55, 56, 57, 71, 72, 73, 74, 75, 76, 77, 91, 92, 93, 94, 95, 96, 97, 111, 112, 113, 114, 115, 116, 117, 132, 133, 134, 135, 136, 153, 154, 155
00153, 34, 35, 36, 52, 53, 54, 55, 56, 57, 71, 72, 73, 74, 75, 76, 77, 91, 92, 93, 94, 95, 96, 97, 112, 113, 114, 115, 116, 117, 132, 133, 134, 135, 136, 153, 154, 155
00154, 34, 35, 36, 52, 53, 54, 55, 56, 57, 71, 72, 73, 74, 75, 76, 77, 91, 92, 93, 94, 95, 96, 97, 112, 113, 114, 115, 116, 117, 132, 133, 134, 135, 136, 153, 154, 155
00155, 34, 35, 36, 52, 53, 54, 55, 56, 57, 72, 73, 74, 75, 76, 77, 92, 93, 94, 95, 96, 97, 112, 113, 114, 115, 116, 117, 132, 133, 134, 135, 136, 137, 153, 154, 155, 156
00156, 34, 35, 36, 52, 53, 54, 55, 56, 57, 72, 73, 74, 75, 76, 77, 92, 93, 94, 95, 96, 97, 112, 113, 114, 115, 116, 117, 132, 133, 134, 135, 136, 137, 153, 154, 155, 156
00157, 35, 36, 52, 53, 54, 55, 56, 57, 72, 73, 74, 75, 76, 77, 92, 93, 94, 95, 96, 97, 112, 113, 114, 115, 116, 117, 132, 133, 134, 135, 136, 137, 153, 154, 155, 156
00158, 35, 36, 52, 53, 54, 55, 56, 57, 72, 73, 74, 75, 76, 77, 92, 93, 94, 95, 96, 97, 112, 113, 114, 115, 116, 117, 132, 133, 134, 135, 136, 137, 153, 154, 155, 156
00159, 35, 36, 53, 54, 55, 56, 57, 72, 73, 74, 75, 76, 77, 78, 92, 93, 94, 95, 96, 97, 98, 112, 113, 114, 115, 116, 117, 118, 132, 133, 134, 135, 136, 137, 153, 154, 155, 156, 157
00160, 35, 36, 53, 54, 55, 56, 57, 72, 73, 74, 75, 76, 77, 78, 92, 93, 94, 95, 96, 97, 98, 112, 113, 114, 115, 116, 117, 118, 132, 133, 134, 135, 136, 137, 153, 154, 155, 156, 157
00161, 54, 55, 56, 57, 72, 73, 74, 75, 76, 77, 78, 92, 93, 94, 95, 96, 97, 98, 112, 113, 114, 115, 116, 117, 118, 133, 134, 135, 136, 137, 138, 153, 154, 155, 156, 157
00162, 54, 55, 56, 57, 72, 73, 74, 75, 76, 77, 78, 92, 93, 94, 95, 96, 97, 98, 112, 113, 114, 115, 116, 117, 118, 133, 134, 135, 136, 137, 138, 153, 154, 155, 156, 157
00163, 54, 55, 56, 57, 73, 74, 75, 76, 77, 78, 92, 93, 94, 95, 96, 97, 98, 112, 113, 114, 115, 116, 117, 118, 133, 134, 135, 136, 137, 138, 153, 154, 155, 156, 157, 175, 176
00164, 54, 55, 56, 57, 73, 74, 75, 76, 77, 78, 92, 93, 94, 95, 96, 97, 98, 112, 113, 114, 115, 116, 117, 118, 133, 134, 135, 136, 137, 138, 153, 154, 155, 156, 157, 175, 176
00165, 55, 56, 57, 73, 74, 75, 76, 77, 78, 93, 94, 95, 96, 97, 98, 113, 114, 115, 116, 117, 118, 133, 134, 135, 136, 137, 138, 153, 154, 155, 156, 157, 158, 174, 175, 176
00166, 55, 56, 57, 73, 74, 75, 76, 77, 78, 93, 94, 95, 96, 97, 98, 113, 114, 115, 116, 117, 118, 133, 134, 135, 136, 137, 138, 153, 154, 155, 156, 157, 158, 174, 175, 176
00167, 55, 56, 57, 73, 74, 75, 76, 77, 78, 93, 94, 95, 96, 97, 98, 113, 114, 115, 116, 117, 118, 133, 134, 135, 136, 137, 138, 153, 154, 155, 156, 157, 158, 174, 175, 176, 177
00168, 55, 56, 57, 73, 74, 75, 76, 77, 78, 93, 94, 95, 96, 97, 98, 113, 114, 115, 116, 117, 118, 133, 134, 135, 136, 137, 138, 153, 154, 155, 156, 157, 158, 174, 175, 176, 177
00169, 56, 73, 74, 75, 76, 77, 78, 93, 94, 95, 96, 97, 98, 113, 114, 115, 116, 117, 118, 133, 134, 135, 136, 137, 138, 153, 154, 155, 156, 157, 158, 173, 174, 175, 176, 177, 178
00170, 56, 73, 74, 75, 76, 77, 78, 93, 94, 95, 96, 97, 98, 113, 114, 115, 116, 117, 118, 133, 134, 135, 136, 137, 138, 153, 154, 155, 156, 157, 158, 173, 174, 175, 176, 177, 178
00171, 75, 76, 77, 93, 94, 95, 96, 97, 98, 112, 113, 114, 115, 116, 117, 118, 132, 133, 134, 135, 136, 137, 138, 152, 153, 154, 155, 156, 157, 158, 173, 174, 175, 176, 177, 178, 194, 195, 196
00172, 75, 76, 77, 93, 94, 95, 96, 97, 98, 112, 113, 114, 115, 116, 117, 118, 132, 133, 134, 135, 136, 137, 138, 152, 153, 154, 155, 156, 157, 158, 173, 174, 175, 176, 177, 178, 194, 195, 196
00173, 75, 76, 93, 94, 95, 96, 97, 112, 113, 114, 115, 116, 117, 118, 132, 133, 134, 135, 136, 137, 138, 152, 153, 154, 155, 156, 157, 158, 172, 173, 174, 175, 176, 177, 178, 193, 194, 195, 196, 197
00174, 75, 76, 93, 94, 95, 96, 97, 112, 113, 114, 115, 116, 117, 118, 132, 133, 134, 135, 136, 137, 138, 152, 153, 154, 155, 156, 157, 158, 172, 173, 174, 175, 176, 177, 178, 193, 194, 195, 196, 197
00175, 75, 76, 93, 94, 95, 96, 97, 112, 113, 114, 115, 116, 117, 118, 132, 133, 134, 135, 136, 137, 138, 152, 153, 154, 155, 156, 157, 158, 172, 173, 174, 175, 176, 177, 178, 192, 193, 194, 195, 196, 197, 198
00176, 75, 76, 93, 94, 95, 96, 97, 112, 113, 114, 115, 116, 117, 118, 132, 133, 134, 135, 136, 137, 138, 152, 153, 154, 155, 156, 157, 158, 172, 173, 174, 175, 176, 177, 178, 192, 193, 194, 195, 196, 197, 198
00177, 75, 93, 94, 95, 96, 97, 112, 113, 114, 115, 116, 117, 118, 131, 132, 133, 134, 135, 136, 137, 138, 151, 152, 153, 154, 155, 156, 157, 158, 171, 172, 173, 174, 175, 176, 177, 178, 191, 192, 193, 194, 195, 196, 197, 198
00178, 75, 93, 94, 95, 96, 97, 112, 113, 114, 115, 116, 117, 118, 131, 132, 133, 134, 135, 136, 137, 138, 151, 152, 153, 154, 155, 156, 157, 158, 171, 172, 173, 174, 175, 176, 177, 178, 191, 192, 193, 194, 195, 196, 197, 198
00179, 93, 94, 95, 96, 111, 112, 113, 114, 115, 116, 117, 131, 132, 133, 134, 135, 136, 137, 138, 151, 152, 153, 154, 155, 156, 157, 158, 170, 171, 172, 173, 174, 175, 176, 177, 178, 190, 191, 192, 193, 194, 195, 196, 197, 198, 199
00180, 93, 94, 95, 96, 111, 112, 113, 114, 115, 116, 117, 131, 132, 133, 134, 135, 136, 137, 138, 151, 152, 153, 154, 155, 156, 157, 158, 170, 171, 172, 173, 174, 175, 176, 177, 178, 190, 191, 192, 193, 194, 195, 196, 197, 198, 199
00181, 93, 94, 95, 96, 111, 112, 113, 114, 115, 116, 117, 131, 132, 133, 134, 135, 136, 137, 138, 150, 151, 152, 153, 154, 155, 156, 157, 158, 170, 171, 172, 173, 174, 175, 176, 177, 178, 179, 181, 182, 183, 184, 185, 186, 187, 188, 189, 190, 191, 192, 193, 194, 195, 196, 197, 198, 199, 200
00182, 93, 94, 95, 96, 111, 112, 113, 114, 115, 116, 117, 131, 132, 133, 134, 135, 136, 137, 138, 150, 151, 152, 153, 154, 155, 156, 157, 158, 170, 171, 172, 173, 174, 175, 176, 177, 178, 179, 181, 182, 183, 184, 185, 186, 187, 188, 189, 190, 191, 192, 193, 194, 195, 196, 197, 198, 199, 200
00183, 93, 94, 95, 96, 111, 112, 113, 114, 115, 116, 117, 130, 131, 132, 133, 134, 135, 136, 137, 150, 151, 152, 153, 154, 155, 156, 157, 158, 169, 170, 171, 172, 173, 174, 175, 176, 177, 178, 179, 181, 182, 183, 184, 185, 186, 187, 188, 189, 190, 191, 192, 193, 194, 195, 196, 197, 198, 199, 200
00184, 93, 94, 95, 96, 111, 112, 113, 114, 115, 116, 117, 130, 131, 132, 133, 134, 135, 136, 137, 150, 151, 152, 153, 154, 155, 156, 157, 158, 169, 170, 171, 172, 173, 174, 175, 176, 177, 178, 179, 181, 182, 183, 184, 185, 186, 187, 188, 189, 190, 191, 192, 193, 194, 195, 196, 197, 198, 199, 200
00185, 93, 94, 95, 111, 112, 113, 114, 115, 116, 117, 130, 131, 132, 133, 134, 135, 136, 137, 150, 151, 152, 153, 154, 155, 156, 157, 158, 169, 170, 171, 172, 173, 174, 175, 176, 177, 178, 181, 182, 183, 184, 185, 186, 187, 188, 189, 190, 191, 192, 193, 194, 195, 196, 197, 198, 199, 200
00186, 93, 94, 95, 111, 112, 113, 114, 115, 116, 117, 130, 131, 132, 133, 134, 135, 136, 137, 150, 151, 152, 153, 154, 155, 156, 157, 158, 169, 170, 171, 172, 173, 174, 175, 176, 177, 178, 181, 182, 183, 184, 185, 186, 187, 188, 189, 190, 191, 192, 193, 194, 195, 196, 197, 198, 199, 200
00187, 93, 94, 95, 111, 112, 113, 114, 115, 116, 130, 131, 132, 133, 134, 135, 136, 137, 150, 151, 152, 153, 154, 155, 156, 157, 169, 170, 171, 172, 173, 174, 175, 176, 177, 178, 181, 182, 183, 184, 185, 186, 187, 188, 189, 190, 191, 192, 193, 194, 195, 196, 197, 198, 199, 200
00188, 93, 94, 95, 111, 112, 113, 114, 115, 116, 130, 131, 132, 133, 134, 135, 136, 137, 150, 151, 152, 153, 154, 155, 156, 157, 169, 170, 171, 172, 173, 174, 175, 176, 177, 178, 181, 182, 183, 184, 185, 186, 187, 188, 189, 190, 191, 192, 193, 194, 195, 196, 197, 198, 199, 200
00189, 93, 94, 95, 110, 111, 112, 113, 114, 115, 116, 130, 131, 132, 133, 134, 135, 136, 137, 149, 150, 151, 152, 153, 154, 155, 156, 157, 169, 170, 171, 172, 173, 174, 175, 176, 177, 178, 181, 182, 183, 184, 185, 186, 187, 188, 189, 190, 191, 192, 193, 194, 195, 196, 197, 198, 199, 200
00190, 93, 94, 95, 110, 111, 112, 113, 114, 115, 116, 130, 131, 132, 133, 134, 135, 136, 137, 149, 150, 151, 152, 153, 154, 155, 156, 157, 169, 170, 171, 172, 173, 174, 175, 176, 177, 178, 181, 182, 183, 184, 185, 186, 187, 188, 189, 190, 191, 192, 193, 194, 195, 196, 197, 198, 199, 200
00191, 92, 93, 94, 110, 111, 112, 113, 114, 115, 116, 129, 130, 131, 132, 133, 134, 135, 136, 149, 150, 151, 152, 153, 154, 155, 156, 157, 168, 169, 170, 171, 172, 173, 174, 175, 176, 177, 181, 182, 183, 184, 185, 186, 187, 188, 189, 190, 191, 192, 193, 194, 195, 196, 197, 198, 199, 200
00192, 92, 93, 94, 110, 111, 112, 113, 114, 115, 116, 129, 130, 131, 132, 133, 134, 135, 136, 149, 150, 151, 152, 153, 154, 155, 156, 157, 168, 169, 170, 171, 172, 173, 174, 175, 176, 177, 181, 182, 183, 184, 185, 186, 187, 188, 189, 190, 191, 192, 193, 194, 195, 196, 197, 198, 199, 200
00193, 92, 93, 94, 110, 111, 112, 113, 114, 115, 129, 130, 131, 132, 133, 134, 135, 136, 149, 150, 151, 152, 153, 154, 155, 156, 168, 169, 170, 171, 172, 173, 174, 175, 176, 177, 181, 182, 183, 184, 185, 186, 187, 188, 189, 190, 191, 192, 193, 194, 195, 196, 197, 198, 199, 200
00194, 92, 93, 94, 110, 111, 112, 113, 114, 115, 129, 130, 131, 132, 133, 134, 135, 136, 149, 150, 151, 152, 153, 154, 155, 156, 168, 169, 170, 171, 172, 173, 174, 175, 176, 177, 181, 182, 183, 184, 185, 186, 187, 188, 189, 190, 191, 192, 193, 194, 195, 196, 197, 198, 199, 200
00195, 91, 92, 93, 94, 109, 110, 111, 112, 113, 114, 115, 129, 130, 131, 132, 133, 134, 135, 136, 148, 149, 150, 151, 152, 153, 154, 155, 156, 168, 169, 170, 171, 172, 173, 174, 175, 176, 177, 181, 182, 183, 184, 185, 186, 187, 188, 189, 190, 191, 192, 193, 194, 195, 196, 197, 198, 199, 200
00196, 91, 92, 93, 94, 109, 110, 111, 112, 113, 114, 115, 129, 130, 131, 132, 133, 134, 135, 136, 148, 149, 150, 151, 152, 153, 154, 155, 156, 168, 169, 170, 171, 172, 173, 174, 175, 176, 177, 181, 182, 183, 184, 185, 186, 187, 188, 189, 190, 191, 192, 193, 194, 195, 196, 197, 198, 199, 200
00197, 91, 92, 93, 109, 110, 111, 112, 113, 114, 115, 128, 129, 130, 131, 132, 133, 134, 135, 148, 149, 150, 151, 152, 153, 154, 155, 156, 167, 168, 169, 170, 171, 172, 173, 174, 175, 176, 181, 182, 183, 184, 185, 186, 187, 188, 189, 190, 191, 192, 193, 194, 195, 196, 197, 198, 199, 200
00198, 91, 92, 93, 109, 110, 111, 112, 113, 114, 115, 128, 129, 130, 131, 132, 133, 134, 135, 148, 149, 150, 151, 152, 153, 154, 155, 156, 167, 168, 169, 170, 171, 172, 173, 174, 175, 176, 181, 182, 183, 184, 185, 186, 187, 188, 189, 190, 191, 192, 193, 194, 195, 196, 197, 198, 199, 200
00199, 91, 92, 93, 108, 109, 110, 111, 112, 113, 114, 128, 129, 130, 131, 132, 133, 134, 135, 147, 148, 149, 150, 151, 152, 153, 154, 155, 167, 168, 169, 170, 171, 172, 173, 174, 175, 176, 181, 182, 183, 184, 185, 186, 187, 188, 189, 190, 191, 192, 193, 194, 195, 196, 197, 198, 199, 200
00200, 91, 92, 93, 108, 109, 110, 111, 112, 113, 114, 128, 129, 130, 131, 132, 133, 134, 135, 147, 148, 149, 150, 151, 152, 153, 154, 155, 167, 168, 169, 170, 171, 172, 173, 174, 175, 176, 181, 182, 183, 184, 185, 186, 187, 188, 189, 190, 191, 192, 193, 194, 195, 196, 197, 198, 199, 200
00201, 90, 91, 92, 93, 108, 109, 110, 111, 112, 113, 114, 127, 128, 129, 130, 131, 132, 133, 134, 147, 148, 149, 150, 151, 152, 153, 154, 155, 167, 168, 169, 170, 171, 172, 173, 174, 175, 181, 182, 183, 184, 185, 186, 187, 188, 189, 190, 191, 192, 193, 194, 195, 196, 197, 198, 199, 200
00202, 90, 91, 92, 93, 108, 109, 110, 111, 112, 113, 114, 127, 128, 129, 130, 131, 132, 133, 134, 147, 148, 149, 150, 151, 152, 153, 154, 155, 167, 168, 169, 170, 171, 172, 173, 174, 175, 181, 182, 183, 184, 185, 186, 187, 188, 189, 190, 191, 192, 193, 194, 195, 196, 197, 198, 199, 200
00203, 90, 91, 92, 108, 109, 110, 111, 112, 113, 127, 128, 129, 130, 131, 132, 133, 134, 147, 148, 149, 150, 151, 152, 153, 154, 166, 167, 168, 169, 170, 171, 172, 173, 174, 175, 181, 182, 183, 184, 185, 186, 187, 188, 189, 190, 191, 192, 193, 194, 195, 196, 197, 198, 199, 200
00204, 90, 91, 92, 108, 109, 110, 111, 112, 113, 127, 128, 129, 130, 131, 132, 133, 134, 147, 148, 149, 150, 151, 152, 153, 154, 166, 167, 168, 169, 170, 171, 172, 173, 174, 175, 181, 182, 183, 184, 185, 186, 187, 188, 189, 190, 191, 192, 193, 194, 195, 196, 197, 198, 199, 200
00205, 89, 90, 91, 92, 107, 108, 109, 110, 111, 112, 113, 127, 128, 129, 130, 131, 132, 133, 134, 147, 148, 149, 150, 151, 152, 153, 154, 166, 167, 168, 169, 170, 171, 172, 173, 174, 186, 187, 188, 189, 190, 191, 192, 193, 194
00206, 89, 90, 91, 92, 107, 108, 109, 110, 111, 112, 113, 127, 128, 129, 130, 131, 132, 133, 134, 147, 148, 149, 150, 151, 152, 153, 154, 166, 167, 168, 169, 170, 171, 172, 173, 174, 186, 187, 188, 189, 190, 191, 192, 193, 194
00207, 89, 90, 91, 92, 107, 108, 109, 110, 111, 112, 113, 126, 127, 128, 129, 130, 131, 132, 133, 146, 147, 148, 149, 150, 151, 152, 153, 154, 166, 167, 168, 169, 170, 171, 172, 173, 174, 186, 187, 188, 189, 190, 191, 192, 193, 194
00208, 89, 90, 91, 92, 107, 108, 109, 110, 111, 112, 113, 126, 127, 128, 129, 130, 131, 132, 133, 146, 147, 148, 149, 150, 151, 152, 153, 154, 166, 167, 168, 169, 170, 171, 172, 173, 174, 186, 187, 188, 189, 190, 191, 192, 193, 194
00209, 70, 88, 89, 90, 91, 92, 107, 108, 109, 110, 111, 112, 113, 126, 127, 128, 129, 130, 131, 132, 133, 146, 147, 148, 149, 150, 151, 152, 153, 166, 167, 168, 169, 170, 171, 172, 173, 186, 187, 188, 189, 190, 191, 192, 193
00210, 70, 88, 89, 90, 91, 92, 107, 108, 109, 110, 111, 112, 113, 126, 127, 128, 129, 130, 131, 132, 133, 146, 147, 148, 149, 150, 151, 152, 153, 166, 167, 168, 169, 170, 171, 172, 173, 186, 187, 188, 189, 190, 191, 192, 193
00211, 70, 87, 88, 89, 90, 91, 106, 107, 108, 109, 110, 111, 112, 126, 127, 128, 129, 130, 131, 132, 133, 146, 147, 148, 149, 150, 151, 152, 153, 166, 167, 168, 169, 170, 171, 172, 173, 186, 187, 188, 189, 190, 191, 192, 193
00212, 70, 87, 88, 89, 90, 91, 106, 107, 108, 109, 110, 111, 112, 126, 127, 128, 129, 130, 131, 132, 133, 146, 147, 148, 149, 150, 151, 152, 153, 166, 167, 168, 169, 170, 171, 172, 173, 186, 187, 188, 189, 190, 191, 192, 193
00213, 87, 88, 89, 90, 91, 106, 107, 108, 109, 110, 111, 112, 126, 127, 128, 129, 130, 131, 132, 145, 146, 147, 148, 149, 150, 151, 152, 165, 166, 167, 168, 169, 170, 171, 172, 185, 186, 187, 188, 189, 190, 191, 192
00214, 87, 88, 89, 90, 91, 106, 107, 108, 109, 110, 111, 112, 126, 127, 128, 129, 130, 131, 132, 145, 146, 147, 148, 149, 150, 151, 152, 165, 166, 167, 168, 169, 170, 171, 172, 185, 186, 187, 188, 189, 190, 191, 192
00215, 69, 87, 88, 89, 90, 91, 106, 107, 108, 109, 110, 111, 112, 125, 126, 127, 128, 129, 130, 131, 132, 145, 146, 147, 148, 149, 150, 151, 152, 165, 166, 167, 168, 169, 170, 171, 172, 185, 186, 187, 188, 189, 190, 191, 192
00216, 69, 87, 88, 89, 90, 91, 106, 107, 108, 109, 110, 111, 112, 125, 126, 127, 128, 129, 130, 131, 132, 145, 146, 147, 148, 149, 150, 151, 152, 165, 166, 167, 168, 169, 170, 171, 172, 185, 186, 187, 188, 189, 190, 191, 192
00217, 69, 86, 87, 88, 89, 90, 105, 106, 107, 108, 109, 110, 111, 125, 126, 127, 128, 129, 130, 131, 132, 145, 146, 147, 148, 149, 150, 151, 152, 165, 166, 167, 168, 169, 170, 171, 172, 185, 186, 187, 188, 189, 190, 191, 192
00218, 69, 86, 87, 88, 89, 90, 105, 106, 107, 108, 109, 110, 111, 125, 126, 127, 128, 129, 130, 131, 132, 145, 146, 147, 148, 149, 150, 151, 152, 165, 166, 167, 168, 169, 170, 171, 172, 185, 186, 187, 188, 189, 190, 191, 192
00219, 69, 86, 87, 88, 89, 90, 105, 106, 107, 108, 109, 110, 111, 125, 126, 127, 128, 129, 130, 131, 145, 146, 147, 148, 149, 150, 151, 152, 165, 166, 167, 168, 169, 170, 171, 172, 185, 186, 187, 188, 189, 190, 191
00220, 69, 86, 87, 88, 89, 90, 105, 106, 107, 108, 109, 110, 111, 125, 126, 127, 128, 129, 130, 131, 145, 146, 147, 148, 149, 150, 151, 152, 165, 166, 167, 168, 169, 170, 171, 172, 185, 186, 187, 188, 189, 190, 191
00221, 68, 86, 87, 88, 89, 90, 105, 106, 107, 108, 109, 110, 111, 125, 126, 127, 128, 129, 130, 131, 145, 146, 147, 148, 149, 150, 151, 164, 165, 166, 167, 168, 169, 170, 171, 185, 186, 187, 188, 189, 190, 191
00222, 68, 86, 87, 88, 89, 90, 105, 106, 107, 108, 109, 110, 111, 125, 126, 127, 128, 129, 130, 131, 145, 146, 147, 148, 149, 150, 151, 164, 165, 166, 167, 168, 169, 170, 171, 185, 186, 187, 188, 189, 190, 191
00223, 86, 87, 88, 89, 90, 105, 106, 107, 108, 109, 110, 111, 125, 126, 127, 128, 129, 130, 131, 144, 145, 146, 147, 148, 149, 150, 151, 164, 165, 166, 167, 168, 169, 170, 171, 184, 185, 186, 187, 188, 189, 190, 191
00224, 86, 87, 88, 89, 90, 105, 106, 107, 108, 109, 110, 111, 125, 126, 127, 128, 129, 130, 131, 144, 145, 146, 147, 148, 149, 150, 151, 164, 165, 166, 167, 168, 169, 170, 171, 184, 185, 186, 187, 188, 189, 190, 191
00225, 87, 88, 89, 90, 105, 106, 107, 108, 109, 110, 111, 124, 125, 126, 127, 128, 129, 130, 131, 144, 145, 146, 147, 148, 149, 150, 151, 164, 165, 166, 167, 168, 169, 170, 171, 172, 184, 185, 186, 187, 188, 189, 190, 191, 192
00226, 87, 88, 89, 90, 105, 106, 107, 108, 109, 110, 111, 124, 125, 126, 127, 128, 129, 130, 131, 144, 145, 146, 147, 148, 149, 150, 151, 164, 165, 166, 167, 168, 169, 170, 171, 172, 184, 185, 186, 187, 188, 189, 190, 191, 192
00227, 87, 88, 89, 90, 105, 106, 107, 108, 109, 110, 111, 124, 125, 126, 127, 128, 129, 130, 131, 144, 145, 146, 147, 148, 149, 150, 151, 152, 164, 165, 166, 167, 168, 169, 170, 171, 172, 184, 185, 186, 187, 188, 189, 190, 191, 192
00228, 87, 88, 89, 90, 105, 106, 107, 108, 109, 110, 111, 124, 125, 126, 127, 128, 129, 130, 131, 144, 145, 146, 147, 148, 149, 150, 151, 152, 164, 165, 166, 167, 168, 169, 170, 171, 172, 184, 185, 186, 187, 188, 189, 190, 191, 192
00229, 87, 88, 89, 90, 105, 106, 107, 108, 109, 110, 111, 124, 125, 126, 127, 128, 129, 130, 131, 144, 145, 146, 147, 148, 149, 150, 151, 152, 164, 165, 166, 167, 168, 169, 170, 171, 172, 184, 185, 186, 187, 188, 189, 190, 191, 192
00230, 87, 88, 89, 90, 105, 106, 107, 108, 109, 110, 111, 124, 125, 126, 127, 128, 129, 130, 131, 144, 145, 146, 147, 148, 149, 150, 151, 152, 164, 165, 166, 167, 168, 169, 170, 171, 172, 184, 185, 186, 187, 188, 189, 190, 191, 192
00231, 87, 88, 89, 90, 105, 106, 107, 108, 109, 110, 111, 124, 125, 126, 127, 128, 129, 130, 131, 144, 145, 146, 147, 148, 149, 150, 151, 152, 164, 165, 166, 167, 168, 169, 170, 171, 172, 183, 184, 185, 186, 187, 188, 189, 190, 191, 192, 193
00232, 87, 88, 89, 90, 105, 106, 107, 108, 109, 110, 111, 124, 125, 126, 127, 128, 129, 130, 131, 144, 145, 146, 147, 148, 149, 150, 151, 152, 164, 165, 166, 167, 168, 169, 170, 171, 172, 183, 184, 185, 186, 187, 188, 189, 190, 191, 192, 193
00233, 87, 88, 89, 90, 105, 106, 107, 108, 109, 110, 111, 124, 125, 126, 127, 128, 129, 130, 131, 144, 145, 146, 147, 148, 149, 150, 151, 152, 164, 165, 166, 167, 168, 169, 170, 171, 172, 181, 182, 183, 184, 185, 186, 187, 188, 189, 190, 191, 192, 193, 194, 195, 196, 197, 198, 199, 200
00234, 87, 88, 89, 90, 105, 106, 107, 108, 109, 110, 111, 124, 125, 126, 127, 128, 129, 130, 131, 144, 145, 146, 147, 148, 149, 150, 151, 152, 164, 165, 166, 167, 168, 169, 170, 171, 172, 181, 182, 183, 184, 185, 186, 187, 188, 189, 190, 191, 192, 193, 194, 195, 196, 197, 198, 199, 200
00235, 87, 88, 89, 90, 105, 106, 107, 108, 109, 110, 111, 124, 125, 126, 127, 128, 129, 130, 131, 144, 145, 146, 147, 148, 149, 150, 151, 152, 164, 165, 166, 167, 168, 169, 170, 171, 172, 181, 182, 183, 184, 185, 186, 187, 188, 189, 190, 191, 192, 193, 194, 195, 196, 197, 198, 199, 200
00236, 87, 88, 89, 90, 105, 106, 107, 108, 109, 110, 111, 124, 125, 126, 127, 128, 129, 130, 131, 144, 145, 146, 147, 148, 149, 150, 151, 152, 164, 165, 166, 167, 168, 169, 170, 171, 172, 181, 182, 183, 184, 185, 186, 187, 188, 189, 190, 191, 192, 193, 194, 195, 196, 197, 198, 199, 200
00237, 87, 88, 89, 90, 105, 106, 107, 108, 109, 110, 111, 124, 125, 126, 127, 128, 129, 130, 131, 144, 145, 146, 147, 148, 149, 150, 151, 152, 163, 164, 165, 166, 167, 168, 169, 170, 171, 172, 173, 181, 182, 183, 184, 185, 186, 187, 188, 189, 190, 191, 192, 193, 194, 195, 196, 197, 198, 199, 200
00238, 87, 88, 89, 90, 105, 106, 107, 108, 109, 110, 111, 124, 125, 126, 127, 128, 129, 130, 131, 144, 145, 146, 147, 148, 149, 150, 151, 152, 163, 164, 165, 166, 167, 168, 169, 170, 171, 172, 173, 181, 182, 183, 184, 185, 186, 187, 188, 189, 190, 191, 192, 193, 194, 195, 196, 197, 198, 199, 200
00239, 87, 88, 89, 105, 106, 107, 108, 109, 110, 111, 124, 125, 126, 127, 128, 129, 130, 131, 132, 144, 145, 146, 147, 148, 149, 150, 151, 152, 163, 164, 165, 166, 167, 168, 169, 170, 171, 172, 173, 181, 182, 183, 184, 185, 186, 187, 188, 189, 190, 191, 192, 193, 194, 195, 196, 197, 198, 199, 200
00240, 87, 88, 89, 105, 106, 107, 108, 109, 110, 111, 124, 125, 126, 127, 128, 129, 130, 131, 132, 144, 145, 146, 147, 148, 149, 150, 151, 152, 163, 164, 165, 166, 167, 168, 169, 170, 171, 172, 173, 181, 182, 183, 184, 185, 186, 187, 188, 189, 190, 191, 192, 193, 194, 195, 196, 197, 198, 199, 200
00241, 88, 89, 105, 106, 107, 108, 109, 110, 111, 124, 125, 126, 127, 128, 129, 130, 131, 132, 144, 145, 146, 147, 148, 149, 150, 151, 152, 163, 164, 165, 166, 167, 168, 169, 170, 171, 172, 173, 181, 182, 183, 184, 185, 186, 187, 188, 189, 190, 191, 192, 193, 194, 195, 196, 197, 198, 199, 200
00242, 88, 89, 105, 106, 107, 108, 109, 110, 111, 124, 125, 126, 127, 128, 129, 130, 131, 132, 144, 145, 146, 147, 148, 149, 150, 151, 152, 163, 164, 165, 166, 167, 168, 169, 170, 171, 172, 173, 181, 182, 183, 184, 185, 186, 187, 188, 189, 190, 191, 192, 193, 194, 195, 196, 197, 198, 199, 200
00243, 88, 89, 105, 106, 107, 108, 109, 110, 111, 124, 125, 126, 127, 128, 129, 130, 131, 132, 144, 145, 146, 147, 148, 149, 150, 151, 152, 163, 164, 165, 166, 167, 168, 169, 170, 171, 172, 173, 181, 182, 183, 184, 185, 186, 187, 188, 189, 190, 191, 192, 193, 194, 195, 196, 197, 198, 199, 200
00244, 88, 89, 105, 106, 107, 108, 109, 110, 111, 124, 125, 126, 127, 128, 129, 130, 131, 132, 144, 145, 146, 147, 148, 149, 150, 151, 152, 163, 164, 165, 166, 167, 168, 169, 170, 171, 172, 173, 181, 182, 183, 184, 185, 186, 187, 188, 189, 190, 191, 192, 193, 194, 195, 196, 197, 198, 199, 200
00245, 88, 89, 105, 106, 107, 108, 109, 110, 111, 124, 125, 126, 127, 128, 129, 130, 131, 132, 144, 145, 146, 147, 148, 149, 150, 151, 152, 163, 164, 165, 166, 167, 168, 169, 170, 171, 172, 173, 181, 182, 183, 184, 185, 186, 187, 188, 189, 190, 191, 192, 193, 194, 195, 196, 197, 198, 199, 200
00246, 88, 89, 105, 106, 107, 108, 109, 110, 111, 124, 125, 126, 127, 128, 129, 130, 131, 132, 144, 145, 146, 147, 148, 149, 150, 151, 152, 163, 164, 165, 166, 167, 168, 169, 170, 171, 172, 173, 181, 182, 183, 184, 185, 186, 187, 188, 189, 190, 191, 192, 193, 194, 195, 196, 197, 198, 199, 200
00247, 88, 89, 105, 106, 107, 108, 109, 110, 111, 124, 125, 126, 127, 128, 129, 130, 131, 132, 144, 145, 146, 147, 148, 149, 150, 151, 152, 163, 164, 165, 166, 167, 168, 169, 170, 171, 172, 173, 181, 182, 183, 184, 185, 186, 187, 188, 189, 190, 191, 192, 193, 194, 195, 196, 197, 198, 199, 200
00248, 88, 89, 105, 106, 107, 108, 109, 110, 111, 124, 125, 126, 127, 128, 129, 130, 131, 132, 144, 145, 146, 147, 148, 149, 150, 151, 152, 163, 164, 165, 166, 167, 168, 169, 170, 171, 172, 173, 181, 182, 183, 184, 185, 186, 187, 188, 189, 190, 191, 192, 193, 194, 195, 196, 197, 198, 199, 200
00249, 88, 89, 105, 106, 107, 108, 109, 110, 111, 124, 125, 126, 127, 128, 129, 130, 131, 132, 144, 145, 146, 147, 148, 149, 150, 151, 152, 163, 164, 165, 166, 167, 168, 169, 170, 171, 172, 173, 181, 182, 183, 184, 185, 186, 187, 188, 189, 190, 191, 192, 193, 194, 195, 196, 197, 198, 199, 200
00250, 88, 89, 105, 106, 107, 108, 109, 110, 111, 124, 125, 126, 127, 128, 129, 130, 131, 132, 144, 145, 146, 147, 148, 149, 150, 151, 152, 163, 164, 165, 166, 167, 168, 169, 170, 171, 172, 173, 181, 182, 183, 184, 185, 186, 187, 188, 189, 190, 191, 192, 193, 194, 195, 196, 197, 198, 199, 200
00251, 88, 89, 105, 106, 107, 108, 109, 110, 111, 124, 125, 126, 127, 128, 129, 130, 131, 132, 144, 145, 146, 147, 148, 149, 150, 151, 152, 163, 164, 165, 166, 167, 168, 169, 170, 171, 172, 173, 181, 182, 183, 184, 185, 186, 187, 188, 189, 190, 191, 192, 193, 194, 195, 196, 197, 198, 199, 200
00252, 88, 89, 105, 106, 107, 108, 109, 110, 111, 124, 125, 126, 127, 128, 129, 130, 131, 132, 144, 145, 146, 147, 148, 149, 150, 151, 152, 163, 164, 165, 166, 167, 168, 169, 170, 171, 172, 173, 181, 182, 183, 184, 185, 186, 187, 188, 189, 190, 191, 192, 193, 194, 195, 196, 197, 198, 199, 200
00253, 88, 89, 105, 106, 107, 108, 109, 110, 111, 124, 125, 126, 127, 128, 129, 130, 131, 132, 144, 145, 146, 147, 148, 149, 150, 151, 152, 163, 164, 165, 166, 167, 168, 169, 170, 171, 172, 173, 181, 182, 183, 184, 185, 186, 187, 188, 189, 190, 191, 192, 193, 194, 195, 196, 197, 198, 199, 200
00254, 88, 89, 105, 106, 107, 108, 109, 110, 111, 124, 125, 126, 127, 128, 129, 130, 131, 132, 144, 145, 146, 147, 148, 149, 150, 151, 152, 163, 164, 165, 166, 167, 168, 169, 170, 171, 172, 173, 181, 182, 183, 184, 185, 186, 187, 188, 189, 190, 191, 192, 193, 194, 195, 196, 197, 198, 199, 200
00255, 88, 89, 105, 106, 107, 108, 109, 110, 111, 124, 125, 126, 127, 128, 129, 130, 131, 132, 144, 145, 146, 147, 148, 149, 150, 151, 152, 163, 164, 165, 166, 167, 168, 169, 170, 171, 172, 173, 181, 182, 183, 184, 185, 186, 187, 188, 189, 190, 191, 192, 193, 194, 195, 196, 197, 198, 199, 200
00256, 88, 89, 105, 106, 107, 108, 109, 110, 111, 124, 125, 126, 127, 128, 129, 130, 131, 132, 144, 145, 146, 147, 148, 149, 150, 151, 152, 163, 164, 165, 166, 167, 168, 169, 170, 171, 172, 173, 181, 182, 183, 184, 185, 186, 187, 188, 189, 190, 191, 192, 193, 194, 195, 196, 197, 198, 199, 200
00257, 88, 89, 105, 106, 107, 108, 109, 110, 111, 124, 125, 126, 127, 128, 129, 130, 131, 132, 144, 145, 146, 147, 148, 149, 150, 151, 152, 162, 163, 164, 165, 166, 167, 168, 169, 170, 171, 172, 173, 174, 181, 182, 183, 184, 185, 186, 187, 188, 189, 190, 191, 192, 193, 194, 195, 196, 197, 198, 199, 200
00258, 88, 89, 105, 106, 107, 108, 109, 110, 111, 124, 125, 126, 127, 128, 129, 130, 131, 132, 144, 145, 146, 147, 148, 149, 150, 151, 152, 162, 163, 164, 165, 166, 167, 168, 169, 170, 171, 172, 173, 174, 181, 182, 183, 184, 185, 186, 187, 188, 189, 190, 191, 192, 193, 194, 195, 196, 197, 198, 199, 200
00259, 88, 89, 105, 106, 107, 108, 109, 110, 111, 124, 125, 126, 127, 128, 129, 130, 131, 132, 144, 145, 146, 147, 148, 149, 150, 151, 152, 153, 162, 163, 164, 165, 166, 167, 168, 169, 170, 171, 172, 173, 174, 181, 182, 183, 184, 185, 186, 187, 188, 189, 190, 191, 192, 193, 194, 195, 196, 197, 198, 199, 200
00260, 88, 89, 105, 106, 107, 108, 109, 110, 111, 124, 125, 126, 127, 128, 129, 130, 131, 132, 144, 145, 146, 147, 148, 149, 150, 151, 152, 153, 162, 163, 164, 165, 166, 167, 168, 169, 170, 171, 172, 173, 174, 181, 182, 183, 184, 185, 186, 187, 188, 189, 190, 191, 192, 193, 194, 195, 196, 197, 198, 199, 200
00261, 88, 89, 106, 107, 108, 109, 110, 111, 125, 126, 127, 128, 129, 130, 131, 132, 144, 145, 146, 147, 148, 149, 150, 151, 152, 153, 162, 163, 164, 165, 166, 167, 168, 169, 170, 171, 172, 173, 174, 181, 182, 183, 184, 185, 186, 187, 188, 189, 190, 191, 192, 193, 194, 195, 196, 197, 198, 199, 200
00262, 88, 89, 106, 107, 108, 109, 110, 111, 125, 126, 127, 128, 129, 130, 131, 132, 144, 145, 146, 147, 148, 149, 150, 151, 152, 153, 162, 163, 164, 165, 166, 167, 168, 169, 170, 171, 172, 173, 174, 181, 182, 183, 184, 185, 186, 187, 188, 189, 190, 191, 192, 193, 194, 195, 196, 197, 198, 199, 200
00263, 88, 89, 106, 107, 108, 109, 110, 111, 125, 126, 127, 128, 129, 130, 131, 132, 144, 145, 146, 147, 148, 149, 150, 151, 152, 153, 162, 163, 164, 165, 166, 167, 168, 169, 170, 171, 172, 173, 174, 181, 182, 183, 184, 185, 186, 187, 188, 189, 190, 191, 192, 193, 194, 195, 196, 197, 198, 199, 200
00264, 88, 89, 106, 107, 108, 109, 110, 111, 125, 126, 127, 128, 129, 130, 131, 132, 144, 145, 146, 147, 148, 149, 150, 151, 152, 153, 162, 163, 164, 165, 166, 167, 168, 169, 170, 171, 172, 173, 174, 181, 182, 183, 184, 185, 186, 187, 188, 189, 190, 191, 192, 193, 194, 195, 196, 197, 198, 199, 200
00265, 89, 106, 107, 108, 109, 110, 111, 125, 126, 127, 128, 129, 130, 131, 132, 144, 145, 146, 147, 148, 149, 150, 151, 152, 153, 162, 163, 164, 165, 166, 167, 168, 169, 170, 171, 172, 173, 174, 175, 181, 182, 183, 184, 185, 186, 187, 188, 189, 190, 191, 192, 193, 194, 195, 196, 197, 198, 199, 200
00266, 89, 106, 107, 108, 109, 110, 111, 125, 126, 127, 128, 129, 130, 131, 132, 144, 145, 146, 147, 148, 149, 150, 151, 152, 153, 162, 163, 164, 165, 166, 167, 168, 169, 170, 171, 172, 173, 174, 175, 181, 182, 183, 184, 185, 186, 187, 188, 189, 190, 191, 192, 193, 194, 195, 196, 197, 198, 199, 200
00267, 89, 106, 107, 108, 109, 110, 111, 125, 126, 127, 128, 129, 130, 131, 132, 144, 145, 146, 147, 148, 149, 150, 151, 152, 153, 162, 163, 164, 165, 166, 167, 168, 169, 170, 171, 172, 173, 174, 175, 181, 182, 183, 184, 185, 186, 187, 188, 189, 190, 191, 192, 193, 194, 195, 196, 197, 198, 199, 200
00268, 89, 106, 107, 108, 109, 110, 111, 125, 126, 127, 128, 129, 130, 131, 132, 144, 145, 146, 147, 148, 149, 150, 151, 152, 153, 162, 163, 164, 165, 166, 167, 168, 169, 170, 171, 172, 173, 174, 175, 181, 182, 183, 184, 185, 186, 187, 188, 189, 190, 191, 192, 193, 194, 195, 196, 197, 198, 199, 200
00269, 89, 106, 107, 108, 109, 110, 111, 125, 126, 127, 128, 129, 130, 131, 132, 144, 145, 146, 147, 148, 149, 150, 151, 152, 153, 162, 163, 164, 165, 166, 167, 168, 169, 170, 171, 172, 173, 174, 175, 181, 182, 183, 184, 185, 186, 187, 188, 189, 190, 191, 192, 193, 194, 195, 196, 197, 198, 199, 200
00270, 89, 106, 107, 108, 109, 110, 111, 125, 126, 127, 128, 129, 130, 131, 132, 144, 145, 146, 147, 148, 149, 150, 151, 152, 153, 162, 163, 164, 165, 166, 167, 168, 169, 170, 171, 172, 173, 174, 175, 181, 182, 183, 184, 185, 186, 187, 188, 189, 190, 191, 192, 193, 194, 195, 196, 197, 198, 199, 200
00271, 89, 106, 107, 108, 109, 110, 111, 125, 126, 127, 128, 129, 130, 131, 132, 144, 145, 146, 147, 148, 149, 150, 151, 152, 153, 162, 163, 164, 165, 166, 167, 168, 169, 170, 171, 172, 173, 174, 175, 181, 182, 183, 184, 185, 186, 187, 188, 189, 190, 191, 192, 193, 194, 195, 196, 197, 198, 199, 200
00272, 89, 106, 107, 108, 109, 110, 111, 125, 126, 127, 128, 129, 130, 131, 132, 144, 145, 146, 147, 148, 149, 150, 151, 152, 153, 162, 163, 164, 165, 166, 167, 168, 169, 170, 171, 172, 173, 174, 175, 181, 182, 183, 184, 185, 186, 187, 188, 189, 190, 191, 192, 193, 194, 195, 196, 197, 198, 199, 200
00273, 89, 106, 107, 108, 109, 110, 111, 125, 126, 127, 128, 129, 130, 131, 132, 144, 145, 146, 147, 148, 149, 150, 151, 152, 153, 162, 163, 164, 165, 166, 167, 168, 169, 170, 171, 172, 173, 174, 175, 176, 181, 182, 183, 184, 185, 186, 187, 188, 189, 190, 191, 192, 193, 194, 195, 196, 197, 198, 199, 200
00274, 89, 106, 107, 108, 109, 110, 111, 125, 126, 127, 128, 129, 130, 131, 132, 144, 145, 146, 147, 148, 149, 150, 151, 152, 153, 162, 163, 164, 165, 166, 167, 168, 169, 170, 171, 172, 173, 174, 175, 176, 181, 182, 183, 184, 185, 186, 187, 188, 189, 190, 191, 192, 193, 194, 195, 196, 197, 198, 199, 200
00275, 89, 106, 107, 108, 109, 110, 111, 125, 126, 127, 128, 129, 130, 131, 132, 144, 145, 146, 147, 148, 149, 150, 151, 152, 153, 162, 163, 164, 165, 166, 167, 168, 169, 170, 171, 172, 173, 174, 175, 176, 181, 182, 183, 184, 185, 186, 187, 188, 189, 190, 191, 192, 193, 194, 195, 196, 197, 198, 199, 200
00276, 89, 106, 107, 108, 109, 110, 111, 125, 126, 127, 128, 129, 130, 131, 132, 144, 145, 146, 147, 148, 149, 150, 151, 152, 153, 162, 163, 164, 165, 166, 167, 168, 169, 170, 171, 172, 173, 174, 175, 176, 181, 182, 183, 184, 185, 186, 187, 188, 189, 190, 191, 192, 193, 194, 195, 196, 197, 198, 199, 200
00277, 89, 106, 107, 108, 109, 110, 111, 125, 126, 127, 128, 129, 130, 131, 132, 144, 145, 146, 147, 148, 149, 150, 151, 152, 153, 162, 163, 164, 165, 166, 167, 168, 169, 170, 171, 172, 173, 174, 175, 181, 182, 183, 184, 185, 186, 187, 188, 189, 190, 191, 192, 193, 194, 195, 196, 197, 198, 199, 200
00278, 89, 106, 107, 108, 109, 110, 111, 125, 126, 127, 128, 129, 130, 131, 132, 144, 145, 146, 147, 148, 149, 150, 151, 152, 153, 162, 163, 164, 165, 166, 167, 168, 169, 170, 171, 172, 173, 174, 175, 181, 182, 183, 184, 185, 186, 187, 188, 189, 190, 191, 192, 193, 194, 195, 196, 197, 198, 199, 200
00279, 89, 106, 107, 108, 109, 110, 111, 125, 126, 127, 128, 129, 130, 131, 132, 144, 145, 146, 147, 148, 149, 150, 151, 152, 153, 162, 163, 164, 165, 166, 167, 168, 169, 170, 171, 172, 173, 174, 175, 181, 182, 183, 184, 185, 186, 187, 188, 189, 190, 191, 192, 193, 194, 195, 196, 197, 198, 199, 200
00280, 89, 106, 107, 108, 109, 110, 111, 125, 126, 127, 128, 129, 130, 131, 132, 144, 145, 146, 147, 148, 149, 150, 151, 152, 153, 162, 163, 164, 165, 166, 167, 168, 169, 170, 171, 172, 173, 174, 175, 181, 182, 183, 184, 185, 186, 187, 188, 189, 190, 191, 192, 193, 194, 195, 196, 197, 198, 199, 200
00281, 89, 106, 107, 108, 109, 110, 111, 125, 126, 127, 128, 129, 130, 131, 132, 144, 145, 146, 147, 148, 149, 150, 151, 152, 153, 162, 163, 164, 165, 166, 167, 168, 169, 170, 171, 172, 173, 174, 175, 181, 182, 183, 184, 185, 186, 187, 188, 189, 190, 191, 192, 193, 194, 195, 196, 197, 198, 199, 200
00282, 89, 106, 107, 108, 109, 110, 111, 125, 126, 127, 128, 129, 130, 131, 132, 144, 145, 146, 147, 148, 149, 150, 151, 152, 153, 162, 163, 164, 165, 166, 167, 168, 169, 170, 171, 172, 173, 174, 175, 181, 182, 183, 184, 185, 186, 187, 188, 189, 190, 191, 192, 193, 194, 195, 196, 197, 198, 199, 200
00283, 88, 89, 106, 107, 108, 109, 110, 111, 125, 126, 127, 128, 129, 130, 131, 132, 144, 145, 146, 147, 148, 149, 150, 151, 152, 153, 163, 164, 165, 166, 167, 168, 169, 170, 171, 172, 173, 174, 181, 182, 183, 184, 185, 186, 187, 188, 189, 190, 191, 192, 193, 194, 195, 196, 197, 198, 199, 200
00284, 88, 89, 106, 107, 108, 109, 110, 111, 125, 126, 127, 128, 129, 130, 131, 132, 144, 145, 146, 147, 148, 149, 150, 151, 152, 153, 163, 164, 165, 166, 167, 168, 169, 170, 171, 172, 173, 174, 181, 182, 183, 184, 185, 186, 187, 188, 189, 190, 191, 192, 193, 194, 195, 196, 197, 198, 199, 200
00285, 88, 89, 105, 106, 107, 108, 109, 110, 111, 125, 126, 127, 128, 129, 130, 131, 132, 144, 145, 146, 147, 148, 149, 150, 151, 152, 163, 164, 165, 166, 167, 168, 169, 170, 171, 172, 173, 174, 181, 182, 183, 184, 185, 186, 187, 188, 189, 190, 191, 192, 193, 194, 195, 196, 197, 198, 199, 200
00286, 88, 89, 105, 106, 107, 108, 109, 110, 111, 125, 126, 127, 128, 129, 130, 131, 132, 144, 145, 146, 147, 148, 149, 150, 151, 152, 163, 164, 165, 166, 167, 168, 169, 170, 171, 172, 173, 174, 181, 182, 183, 184, 185, 186, 187, 188, 189, 190, 191, 192, 193, 194, 195, 196, 197, 198, 199, 200
00287, 88, 89, 105, 106, 107, 108, 109, 110, 111, 124, 125, 126, 127, 128, 129, 130, 131, 132, 144, 145, 146, 147, 148, 149, 150, 151, 152, 163, 164, 165, 166, 167, 168, 169, 170, 171, 172, 173, 181, 182, 183, 184, 185, 186, 187, 188, 189, 190, 191, 192, 193, 194, 195, 196, 197, 198, 199, 200
00288, 88, 89, 105, 106, 107, 108, 109, 110, 111, 124, 125, 126, 127, 128, 129, 130, 131, 132, 144, 145, 146, 147, 148, 149, 150, 151, 152, 163, 164, 165, 166, 167, 168, 169, 170, 171, 172, 173, 181, 182, 183, 184, 185, 186, 187, 188, 189, 190, 191, 192, 193, 194, 195, 196, 197, 198, 199, 200
00289, 87, 88, 89, 105, 106, 107, 108, 109, 110, 111, 124, 125, 126, 127, 128, 129, 130, 131, 144, 145, 146, 147, 148, 149, 150, 151, 152, 163, 164, 165, 166, 167, 168, 169, 170, 171, 172, 181, 182, 183, 184, 185, 186, 187, 188, 189, 190, 191, 192, 193, 194, 195, 196, 197, 198, 199, 200
00290, 87, 88, 89, 105, 106, 107, 108, 109, 110, 111, 124, 125, 126, 127, 128, 129, 130, 131, 144, 145, 146, 147, 148, 149, 150, 151, 152, 163, 164, 165, 166, 167, 168, 169, 170, 171, 172, 181, 182, 183, 184, 185, 186, 187, 188, 189, 190, 191, 192, 193, 194, 195, 196, 197, 198, 199, 200
00291, 87, 88, 89, 105, 106, 107, 108, 109, 110, 124, 125, 126, 127, 128, 129, 130, 131, 144, 145, 146, 147, 148, 149, 150, 151, 163, 164, 165, 166, 167, 168, 169, 170, 171, 172, 183, 184, 185, 186, 187, 188, 189, 190, 191, 192
00292, 87, 88, 89, 105, 106, 107, 108, 109, 110, 124, 125, 126, 127, 128, 129, 130, 131, 144, 145, 146, 147, 148, 149, 150, 151, 163, 164, 165, 166, 167, 168, 169, 170, 171, 172, 183, 184, 185, 186, 187, 188, 189, 190, 191, 192
00293, 68, 85, 86, 87, 88, 89, 104, 105, 106, 107, 108, 109, 110, 124, 125, 126, 127, 128, 129, 130, 131, 144, 145, 146, 147, 148, 149, 150, 151, 164, 165, 166, 167, 168, 169, 170, 171, 184, 185, 186, 187, 188, 189, 190, 191
00294, 68, 85, 86, 87, 88, 89, 104, 105, 106, 107, 108, 109, 110, 124, 125, 126, 127, 128, 129, 130, 131, 144, 145, 146, 147, 148, 149, 150, 151, 164, 165, 166, 167, 168, 169, 170, 171, 184, 185, 186, 187, 188, 189, 190, 191
00295, 67, 68, 85, 86, 87, 88, 89, 104, 105, 106, 107, 108, 109, 110, 124, 125, 126, 127, 128, 129, 130, 144, 145, 146, 147, 148, 149, 150, 164, 165, 166, 167, 168, 169, 170, 185, 186, 187, 188, 189, 190
00296, 67, 68, 85, 86, 87, 88, 89, 104, 105, 106, 107, 108, 109, 110, 124, 125, 126, 127, 128, 129, 130, 144, 145, 146, 147, 148, 149, 150, 164, 165, 166, 167, 168, 169, 170, 185, 186, 187, 188, 189, 190
00297, 66, 67, 68, 69, 84, 85, 86, 87, 88, 89, 90, 104, 105, 106, 107, 108, 109, 110, 124, 125, 126, 127, 128, 129, 130, 144, 145, 146, 147, 148, 149, 150, 164, 165, 166, 167, 168, 169, 170, 186, 187, 188
00298, 66, 67, 68, 69, 84, 85, 86, 87, 88, 89, 90, 104, 105, 106, 107, 108, 109, 110, 124, 125, 126, 127, 128, 129, 130, 144, 145, 146, 147, 148, 149, 150, 164, 165, 166, 167, 168, 169, 170, 186, 187, 188
00299, 47, 65, 66, 67, 68, 69, 84, 85, 86, 87, 88, 89, 90, 104, 105, 106, 107, 108, 109, 110, 124, 125, 126, 127, 128, 129, 130, 144, 145, 146, 147, 148, 149, 150, 165, 166, 167, 168, 169
00300, 47, 65, 66, 67, 68, 69, 84, 85, 86, 87, 88, 89, 90, 104, 105, 106, 107, 108, 109, 110, 124, 125, 126, 127, 128, 129, 130, 144, 145, 146, 147, 148, 149, 150, 165, 166, 167, 168, 169
00301, 47, 48, 65, 66, 67, 68, 69, 84, 85, 86, 87, 88, 89, 90, 104, 105, 106, 107, 108, 109, 110, 124, 125, 126, 127, 128, 129, 130, 144, 145, 146, 147, 148, 149, 165, 166, 167, 168
00302, 47, 48, 65, 66, 67, 68, 69, 84, 85, 86, 87, 88, 89, 90, 104, 105, 106, 107, 108, 109, 110, 124, 125, 126, 127, 128, 129, 130, 144, 145, 146, 147, 148, 149, 165, 166, 167, 168
00303, 46, 47, 48, 64, 65, 66, 67, 68, 69, 84, 85, 86, 87, 88, 89, 104, 105, 106, 107, 108, 109, 124, 125, 126, 127, 128, 129, 145, 146, 147, 148, 149, 166, 167
00304, 46, 47, 48, 64, 65, 66, 67, 68, 69, 84, 85, 86, 87, 88, 89, 104, 105, 106, 107, 108, 109, 124, 125, 126, 127, 128, 129, 145, 146, 147, 148, 149, 166, 167
00305, 27, 45, 46, 47, 48, 49, 64, 65, 66, 67, 68, 69, 84, 85, 86, 87, 88, 89, 104, 105, 106, 107, 108, 109, 124, 125, 126, 127, 128, 129, 145, 146, 147, 148
00306, 27, 45, 46, 47, 48, 49, 64, 65, 66, 67, 68, 69, 84, 85, 86, 87, 88, 89, 104, 105, 106, 107, 108, 109, 124, 125, 126, 127, 128, 129, 145, 146, 147, 148
00307, 26, 27, 28, 44, 45, 46, 47, 48, 49, 64, 65, 66, 67, 68, 69, 84, 85, 86, 87, 88, 89, 104, 105, 106, 107, 108, 109, 124, 125, 126, 127, 128, 129, 145, 146, 147, 148
00308, 26, 27, 28, 44, 45, 46, 47, 48, 49, 64, 65, 66, 67, 68, 69, 84, 85, 86, 87, 88, 89, 104, 105, 106, 107, 108, 109, 124, 125, 126, 127, 128, 129, 145, 146, 147, 148
00309, 26, 27, 28, 44, 45, 46, 47, 48, 49, 64, 65, 66, 67, 68, 69, 84, 85, 86, 87, 88, 89, 90, 104, 105, 106, 107, 108, 109, 125, 126, 127, 128, 129, 146, 147, 148
00310, 26, 27, 28, 44, 45, 46, 47, 48, 49, 64, 65, 66, 67, 68, 69, 84, 85, 86, 87, 88, 89, 90, 104, 105, 106, 107, 108, 109, 125, 126, 127, 128, 129, 146, 147, 148
00311, 26, 27, 28, 29, 44, 45, 46, 47, 48, 49, 64, 65, 66, 67, 68, 69, 70, 84, 85, 86, 87, 88, 89, 90, 104, 105, 106, 107, 108, 109, 125, 126, 127, 128, 129, 146, 147
00312, 26, 27, 28, 29, 44, 45, 46, 47, 48, 49, 64, 65, 66, 67, 68, 69, 70, 84, 85, 86, 87, 88, 89, 90, 104, 105, 106, 107, 108, 109, 125, 126, 127, 128, 129, 146, 147
00313, 25, 26, 27, 28, 29, 44, 45, 46, 47, 48, 49, 64, 65, 66, 67, 68, 69, 70, 84, 85, 86, 87, 88, 89, 90, 104, 105, 106, 107, 108, 109, 125, 126, 127, 128, 129
00314, 25, 26, 27, 28, 29, 44, 45, 46, 47, 48, 49, 64, 65, 66, 67, 68, 69, 70, 84, 85, 86, 87, 88, 89, 90, 104, 105, 106, 107, 108, 109, 125, 126, 127, 128, 129
00315, 7, 24, 25, 26, 27, 28, 29, 44, 45, 46, 47, 48, 49, 50, 64, 65, 66, 67, 68, 69, 70, 84, 85, 86, 87, 88, 89, 90, 104, 105, 106, 107, 108, 109, 125, 126, 127, 128
00316, 7, 24, 25, 26, 27, 28, 29, 44, 45, 46, 47, 48, 49, 50, 64, 65, 66, 67, 68, 69, 70, 84, 85, 86, 87, 88, 89, 90, 104, 105, 106, 107, 108, 109, 125, 126, 127, 128
00317, 7, 8, 24, 25, 26, 27, 28, 29, 44, 45, 46, 47, 48, 49, 50, 64, 65, 66, 67, 68, 69, 70, 84, 85, 86, 87, 88, 89, 90, 104, 105, 106, 107, 108, 109, 125, 126, 127, 128
00318, 7, 8, 24, 25, 26, 27, 28, 29, 44, 45, 46, 47, 48, 49, 50, 64, 65, 66, 67, 68, 69, 70, 84, 85, 86, 87, 88, 89, 90, 104, 105, 106, 107, 108, 109, 125, 126, 127, 128
00319, 6, 7, 8, 24, 25, 26, 27, 28, 29, 44, 45, 46, 47, 48, 49, 50, 64, 65, 66, 67, 68, 69, 70, 84, 85, 86, 87, 88, 89, 90, 104, 105, 106, 107, 108, 109, 125, 126, 127, 128
00320, 6, 7, 8, 24, 25, 26, 27, 28, 29, 44, 45, 46, 47, 48, 49, 50, 64, 65, 66, 67, 68, 69, 70, 84, 85, 86, 87, 88, 89, 90, 104, 105, 106, 107, 108, 109, 125, 126, 127, 128
00321, 6, 7, 8, 24, 25, 26, 27, 28, 29, 44, 45, 46, 47, 48, 49, 50, 64, 65, 66, 67, 68, 69, 70, 84, 85, 86, 87, 88, 89, 90, 104, 105, 106, 107, 108, 109, 125, 126, 127, 128
00322, 6, 7, 8, 24, 25, 26, 27, 28, 29, 44, 45, 46, 47, 48, 49, 50, 64, 65, 66, 67, 68, 69, 70, 84, 85, 86, 87, 88, 89, 90, 104, 105, 106, 107, 108, 109, 125, 126, 127, 128
00323, 6, 7, 8, 24, 25, 26, 27, 28, 29, 30, 44, 45, 46, 47, 48, 49, 50, 64, 65, 66, 67, 68, 69, 70, 84, 85, 86, 87, 88, 89, 90, 104, 105, 106, 107, 108, 109, 125, 126, 127, 128
00324, 6, 7, 8, 24, 25, 26, 27, 28, 29, 30, 44, 45, 46, 47, 48, 49, 50, 64, 65, 66, 67, 68, 69, 70, 84, 85, 86, 87, 88, 89, 90, 104, 105, 106, 107, 108, 109, 125, 126, 127, 128
00325, 6, 7, 8, 24, 25, 26, 27, 28, 29, 30, 44, 45, 46, 47, 48, 49, 50, 64, 65, 66, 67, 68, 69, 70, 84, 85, 86, 87, 88, 89, 90, 104, 105, 106, 107, 108, 109, 125, 126, 127, 128
00326, 6, 7, 8, 24, 25, 26, 27, 28, 29, 30, 44, 45, 46, 47, 48, 49, 50, 64, 65, 66, 67, 68, 69, 70, 84, 85, 86, 87, 88, 89, 90, 104, 105, 106, 107, 108, 109, 125, 126, 127, 128
00327, 6, 7, 8, 9, 24, 25, 26, 27, 28, 29, 30, 44, 45, 46, 47, 48, 49, 50, 64, 65, 66, 67, 68, 69, 70, 84, 85, 86, 87, 88, 89, 90, 104, 105, 106, 107, 108, 109, 125, 126, 127, 128
00328, 6, 7, 8, 9, 24, 25, 26, 27, 28, 29, 30, 44, 45, 46, 47, 48, 49, 50, 64, 65, 66, 67, 68, 69, 70, 84, 85, 86, 87, 88, 89, 90, 104, 105, 106, 107, 108, 109, 125, 126, 127, 128
00329, 6, 7, 8, 9, 24, 25, 26, 27, 28, 29, 44, 45, 46, 47, 48, 49, 50, 64, 65, 66, 67, 68, 69, 70, 84, 85, 86, 87, 88, 89, 90, 104, 105, 106, 107, 108, 109, 125, 126, 127, 128
00330, 6, 7, 8, 9, 24, 25, 26, 27, 28, 29, 44, 45, 46, 47, 48, 49, 50, 64, 65, 66, 67, 68, 69, 70, 84, 85, 86, 87, 88, 89, 90, 104, 105, 106, 107, 108, 109, 125, 126, 127, 128
00331, 6, 7, 8, 9, 24, 25, 26, 27, 28, 29, 43, 44, 45, 46, 47, 48, 49, 50, 63, 64, 65, 66, 67, 68, 69, 70, 84, 85, 86, 87, 88, 89, 104, 105, 106, 107, 108, 109, 125, 126, 127, 128
00332, 6, 7, 8, 9, 24, 25, 26, 27, 28, 29, 43, 44, 45, 46, 47, 48, 49, 50, 63, 64, 65, 66, 67, 68, 69, 70, 84, 85, 86, 87, 88, 89, 104, 105, 106, 107, 108, 109, 125, 126, 127, 128
00333, 5, 6, 7, 8, 23, 24, 25, 26, 27, 28, 29, 43, 44, 45, 46, 47, 48, 49, 63, 64, 65, 66, 67, 68, 69, 83, 84, 85, 86, 87, 88, 89, 104, 105, 106, 107, 108, 109, 125, 126, 127, 128
00334, 5, 6, 7, 8, 23, 24, 25, 26, 27, 28, 29, 43, 44, 45, 46, 47, 48, 49, 63, 64, 65, 66, 67, 68, 69, 83, 84, 85, 86, 87, 88, 89, 104, 105, 106, 107, 108, 109, 125, 126, 127, 128
00335, 5, 6, 7, 8, 23, 24, 25, 26, 27, 28, 29, 43, 44, 45, 46, 47, 48, 49, 63, 64, 65, 66, 67, 68, 69, 83, 84, 85, 86, 87, 88, 89, 104, 105, 106, 107, 108, 109, 125, 126, 127, 128
00336, 5, 6, 7, 8, 23, 24, 25, 26, 27, 28, 29, 43, 44, 45, 46, 47, 48, 49, 63, 64, 65, 66, 67, 68, 69, 83, 84, 85, 86, 87, 88, 89, 104, 105, 106, 107, 108, 109, 125, 126, 127, 128
00337, 5, 6, 7, 23, 24, 25, 26, 27, 28, 29, 43, 44, 45, 46, 47, 48, 49, 63, 64, 65, 66, 67, 68, 69, 83, 84, 85, 86, 87, 88, 89, 103, 104, 105, 106, 107, 108, 124, 125, 126, 127
00338, 5, 6, 7, 23, 24, 25, 26, 27, 28, 29, 43, 44, 45, 46, 47, 48, 49, 63, 64, 65, 66, 67, 68, 69, 83, 84, 85, 86, 87, 88, 89, 103, 104, 105, 106, 107, 108, 124, 125, 126, 127
00339, 5, 6, 7, 23, 24, 25, 26, 27, 28, 29, 43, 44, 45, 46, 47, 48, 49, 63, 64, 65, 66, 67, 68, 69, 83, 84, 85, 86, 87, 88, 89, 103, 104, 105, 106, 107, 108, 124, 125, 126, 127
00340, 5, 6, 7, 23, 24, 25, 26, 27, 28, 29, 43, 44, 45, 46, 47, 48, 49, 63, 64, 65, 66, 67, 68, 69, 83, 84, 85, 86, 87, 88, 89, 103, 104, 105, 106, 107, 108, 124, 125, 126, 127
00341, 5, 6, 7, 23, 24, 25, 26, 27, 28, 43, 44, 45, 46, 47, 48, 49, 63, 64, 65, 66, 67, 68, 69, 83, 84, 85, 86, 87, 88, 89, 103, 104, 105, 106, 107, 108, 124, 125, 126, 127
00342, 5, 6, 7, 23, 24, 25, 26, 27, 28, 43, 44, 45, 46, 47, 48, 49, 63, 64, 65, 66, 67, 68, 69, 83, 84, 85, 86, 87, 88, 89, 103, 104, 105, 106, 107, 108, 124, 125, 126, 127
00343, 5, 6, 7, 23, 24, 25, 26, 27, 28, 42, 43, 44, 45, 46, 47, 48, 62, 63, 64, 65, 66, 67, 68, 82, 83, 84, 85, 86, 87, 88, 103, 104, 105, 106, 107, 108, 124, 125, 126, 127
00344, 5, 6, 7, 23, 24, 25, 26, 27, 28, 42, 43, 44, 45, 46, 47, 48, 62, 63, 64, 65, 66, 67, 68, 82, 83, 84, 85, 86, 87, 88, 103, 104, 105, 106, 107, 108, 124, 125, 126, 127
00345, 5, 6, 23, 24, 25, 26, 27, 28, 42, 43, 44, 45, 46, 47, 48, 62, 63, 64, 65, 66, 67, 68, 82, 83, 84, 85, 86, 87, 88, 103, 104, 105, 106, 107, 108, 124, 125, 126, 127
00346, 5, 6, 23, 24, 25, 26, 27, 28, 42, 43, 44, 45, 46, 47, 48, 62, 63, 64, 65, 66, 67, 68, 82, 83, 84, 85, 86, 87, 88, 103, 104, 105, 106, 107, 108, 124, 125, 126, 127
00347, 5, 6, 22, 23, 24, 25, 26, 27, 28, 42, 43, 44, 45, 46, 47, 48, 62, 63, 64, 65, 66, 67, 68, 82, 83, 84, 85, 86, 87, 88, 102, 103, 104, 105, 106, 107, 108, 123, 124, 125, 126, 127
00348, 5, 6, 22, 23, 24, 25, 26, 27, 28, 42, 43, 44, 45, 46, 47, 48, 62, 63, 64, 65, 66, 67, 68, 82, 83, 84, 85, 86, 87, 88, 102, 103, 104, 105, 106, 107, 108, 123, 124, 125, 126, 127
00349, 5, 6, 22, 23, 24, 25, 26, 27, 42, 43, 44, 45, 46, 47, 48, 62, 63, 64, 65, 66, 67, 68, 82, 83, 84, 85, 86, 87, 88, 102, 103, 104, 105, 106, 107, 123, 124, 125, 126
00350, 5, 6, 22, 23, 24, 25, 26, 27, 42, 43, 44, 45, 46, 47, 48, 62, 63, 64, 65, 66, 67, 68, 82, 83, 84, 85, 86, 87, 88, 102, 103, 104, 105, 106, 107, 123, 124, 125, 126
00351, 5, 22, 23, 24, 25, 26, 27, 42, 43, 44, 45, 46, 47, 62, 63, 64, 65, 66, 67, 68, 82, 83, 84, 85, 86, 87, 102, 103, 104, 105, 106, 107, 123, 124, 125, 126
00352, 5, 22, 23, 24, 25, 26, 27, 42, 43, 44, 45, 46, 47, 62, 63, 64, 65, 66, 67, 68, 82, 83, 84, 85, 86, 87, 102, 103, 104, 105, 106, 107, 123, 124, 125, 126
00353, 23, 24, 25, 26, 27, 42, 43, 44, 45, 46, 47, 62, 63, 64, 65, 66, 67, 82, 83, 84, 85, 86, 87, 102, 103, 104, 105, 106, 107, 122, 123, 124, 125, 126, 144, 145
00354, 23, 24, 25, 26, 27, 42, 43, 44, 45, 46, 47, 62, 63, 64, 65, 66, 67, 82, 83, 84, 85, 86, 87, 102, 103, 104, 105, 106, 107, 122, 123, 124, 125, 126, 144, 145
00355, 24, 25, 26, 42, 43, 44, 45, 46, 47, 62, 63, 64, 65, 66, 67, 82, 83, 84, 85, 86, 87, 102, 103, 104, 105, 106, 107, 122, 123, 124, 125, 126, 127, 143, 144, 145, 146
00356, 24, 25, 26, 42, 43, 44, 45, 46, 47, 62, 63, 64, 65, 66, 67, 82, 83, 84, 85, 86, 87, 102, 103, 104, 105, 106, 107, 122, 123, 124, 125, 126, 127, 143, 144, 145, 146
00357, 25, 42, 43, 44, 45, 46, 62, 63, 64, 65, 66, 67, 82, 83, 84, 85, 86, 87, 102, 103, 104, 105, 106, 107, 122, 123, 124, 125, 126, 127, 143, 144, 145, 146
00358, 25, 42, 43, 44, 45, 46, 62, 63, 64, 65, 66, 67, 82, 83, 84, 85, 86, 87, 102, 103, 104, 105, 106, 107, 122, 123, 124, 125, 126, 127, 143, 144, 145, 146
00359, 44, 45, 46, 62, 63, 64, 65, 66, 67, 82, 83, 84, 85, 86, 87, 102, 103, 104, 105, 106, 107, 122, 123, 124, 125, 126, 127, 142, 143, 144, 145, 146, 147, 163, 164, 165
00360, 44, 45, 46, 62, 63, 64, 65, 66, 67, 82, 83, 84, 85, 86, 87, 102, 103, 104, 105, 106, 107, 122, 123, 124, 125, 126, 127, 142, 143, 144, 145, 146, 147, 163, 164, 165
00361, 44, 45, 46, 62, 63, 64, 65, 66, 67, 82, 83, 84, 85, 86, 87, 102, 103, 104, 105, 106, 107, 122, 123, 124, 125, 126, 127, 142, 143, 144, 145, 146, 147, 163, 164, 165, 166
00362, 44, 45, 46, 62, 63, 64, 65, 66, 67, 82, 83, 84, 85, 86, 87, 102, 103, 104, 105, 106, 107, 122, 123, 124, 125, 126, 127, 142, 143, 144, 145, 146, 147, 163, 164, 165, 166
00363, 45, 63, 64, 65, 66, 67, 82, 83, 84, 85, 86, 87, 102, 103, 104, 105, 106, 107, 122, 123, 124, 125, 126, 127, 142, 143, 144, 145, 146, 147, 163, 164, 165, 166, 167
00364, 45, 63, 64, 65, 66, 67, 82, 83, 84, 85, 86, 87, 102, 103, 104, 105, 106, 107, 122, 123, 124, 125, 126, 127, 142, 143, 144, 145, 146, 147, 163, 164, 165, 166, 167
00365, 45, 63, 64, 65, 66, 67, 82, 83, 84, 85, 86, 87, 102, 103, 104, 105, 106, 107, 108, 122, 123, 124, 125, 126, 127, 128, 142, 143, 144, 145, 146, 147, 162, 163, 164, 165, 166, 167
00366, 45, 63, 64, 65, 66, 67, 82, 83, 84, 85, 86, 87, 102, 103, 104, 105, 106, 107, 108, 122, 123, 124, 125, 126, 127, 128, 142, 143, 144, 145, 146, 147, 162, 163, 164, 165, 166, 167
00367, 64, 65, 66, 82, 83, 84, 85, 86, 87, 102, 103, 104, 105, 106, 107, 108, 122, 123, 124, 125, 126, 127, 128, 142, 143, 144, 145, 146, 147, 148, 162, 163, 164, 165, 166, 167, 184, 185
00368, 64, 65, 66, 82, 83, 84, 85, 86, 87, 102, 103, 104, 105, 106, 107, 108, 122, 123, 124, 125, 126, 127, 128, 142, 143, 144, 145, 146, 147, 148, 162, 163, 164, 165, 166, 167, 184, 185
00369, 64, 65, 66, 82, 83, 84, 85, 86, 87, 102, 103, 104, 105, 106, 107, 108, 122, 123, 124, 125, 126, 127, 128, 142, 143, 144, 145, 146, 147, 148, 162, 163, 164, 165, 166, 167, 183, 184, 185, 186
00370, 64, 65, 66, 82, 83, 84, 85, 86, 87, 102, 103, 104, 105, 106, 107, 108, 122, 123, 124, 125, 126, 127, 128, 142, 143, 144, 145, 146, 147, 148, 162, 163, 164, 165, 166, 167, 183, 184, 185, 186
00371, 64, 65, 66, 82, 83, 84, 85, 86, 87, 102, 103, 104, 105, 106, 107, 108, 122, 123, 124, 125, 126, 127, 128, 142, 143, 144, 145, 146, 147, 148, 162, 163, 164, 165, 166, 167, 168, 183, 184, 185, 186, 187
00372, 64, 65, 66, 82, 83, 84, 85, 86, 87, 102, 103, 104, 105, 106, 107, 108, 122, 123, 124, 125, 126, 127, 128, 142, 143, 144, 145, 146, 147, 148, 162, 163, 164, 165, 166, 167, 168, 183, 184, 185, 186, 187
00373, 65, 66, 83, 84, 85, 86, 87, 102, 103, 104, 105, 106, 107, 108, 122, 123, 124, 125, 126, 127, 128, 142, 143, 144, 145, 146, 147, 148, 162, 163, 164, 165, 166, 167, 168, 183, 184, 185, 186, 187
00374, 65, 66, 83, 84, 85, 86, 87, 102, 103, 104, 105, 106, 107, 108, 122, 123, 124, 125, 126, 127, 128, 142, 143, 144, 145, 146, 147, 148, 162, 163, 164, 165, 166, 167, 168, 183, 184, 185, 186, 187
00375, 65, 66, 83, 84, 85, 86, 87, 102, 103, 104, 105, 106, 107, 108, 122, 123, 124, 125, 126, 127, 128, 142, 143, 144, 145, 146, 147, 148, 162, 163, 164, 165, 166, 167, 168, 183, 184, 185, 186, 187
00376, 65, 66, 83, 84, 85, 86, 87, 102, 103, 104, 105, 106, 107, 108, 122, 123, 124, 125, 126, 127, 128, 142, 143, 144, 145, 146, 147, 148, 162, 163, 164, 165, 166, 167, 168, 183, 184, 185, 186, 187
00377, 65, 66, 83, 84, 85, 86, 87, 102, 103, 104, 105, 106, 107, 108, 122, 123, 124, 125, 126, 127, 128, 142, 143, 144, 145, 146, 147, 148, 162, 163, 164, 165, 166, 167, 168, 183, 184, 185, 186, 187, 188
00378, 65, 66, 83, 84, 85, 86, 87, 102, 103, 104, 105, 106, 107, 108, 122, 123, 124, 125, 126, 127, 128, 142, 143, 144, 145, 146, 147, 148, 162, 163, 164, 165, 166, 167, 168, 183, 184, 185, 186, 187, 188
00379, 65, 66, 83, 84, 85, 86, 87, 102, 103, 104, 105, 106, 107, 108, 122, 123, 124, 125, 126, 127, 128, 142, 143, 144, 145, 146, 147, 148, 162, 163, 164, 165, 166, 167, 168, 183, 184, 185, 186, 187, 188
00380, 65, 66, 83, 84, 85, 86, 87, 102, 103, 104, 105, 106, 107, 108, 122, 123, 124, 125, 126, 127, 128, 142, 143, 144, 145, 146, 147, 148, 162, 163, 164, 165, 166, 167, 168, 183, 184, 185, 186, 187, 188
00381, 65, 66, 83, 84, 85, 86, 87, 102, 103, 104, 105, 106, 107, 108, 122, 123, 124, 125, 126, 127, 128, 142, 143, 144, 145, 146, 147, 148, 162, 163, 164, 165, 166, 167, 168, 182, 183, 184, 185, 186, 187, 188
00382, 65, 66, 83, 84, 85, 86, 87, 102, 103, 104, 105, 106, 107, 108, 122, 123, 124, 125, 126, 127, 128, 142, 143, 144, 145, 146, 147, 148, 162, 163, 164, 165, 166, 167, 168, 182, 183, 184, 185, 186, 187, 188
00383, 65, 66, 83, 84, 85, 86, 87, 102, 103, 104, 105, 106, 107, 108, 122, 123, 124, 125, 126, 127, 128, 142, 143, 144, 145, 146, 147, 148, 162, 163, 164, 165, 166, 167, 168, 182, 183, 184, 185, 186, 187, 188
00384, 65, 66, 83, 84, 85, 86, 87, 102, 103, 104, 105, 106, 107, 108, 122, 123, 124, 125, 126, 127, 128, 142, 143, 144, 145, 146, 147, 148, 162, 163, 164, 165, 166, 167, 168, 182, 183, 184, 185, 186, 187, 188
00385, 65, 66, 83, 84, 85, 86, 87, 102, 103, 104, 105, 106, 107, 108, 122, 123, 124, 125, 126, 127, 128, 142, 143, 144, 145, 146, 147, 148, 162, 163, 164, 165, 166, 167, 168, 182, 183, 184, 185, 186, 187, 188
00386, 65, 66, 83, 84, 85, 86, 87, 102, 103, 104, 105, 106, 107, 108, 122, 123, 124, 125, 126, 127, 128, 142, 143, 144, 145, 146, 147, 148, 162, 163, 164, 165, 166, 167, 168, 182, 183, 184, 185, 186, 187, 188
00387, 65, 66, 83, 84, 85, 86, 87, 102, 103, 104, 105, 106, 107, 108, 122, 123, 124, 125, 126, 127, 128, 142, 143, 144, 145, 146, 147, 148, 162, 163, 164, 165, 166, 167, 168, 182, 183, 184, 185, 186, 187, 188
00388, 65, 66, 83, 84, 85, 86, 87, 102, 103, 104, 105, 106, 107, 108, 122, 123, 124, 125, 126, 127, 128, 142, 143, 144, 145, 146, 147, 148, 162, 163, 164, 165, 166, 167, 168, 182, 183, 184, 185, 186, 187, 188
00389, 65, 66, 83, 84, 85, 86, 87, 102, 103, 104, 105, 106, 107, 108, 122, 123, 124, 125, 126, 127, 128, 142, 143, 144, 145, 146, 147, 148, 162, 163, 164, 165, 166, 167, 168, 182, 183, 184, 185, 186, 187, 188
00390, 65, 66, 83, 84, 85, 86, 87, 102, 103, 104, 105, 106, 107, 108, 122, 123, 124, 125, 126, 127, 128, 142, 143, 144, 145, 146, 147, 148, 162, 163, 164, 165, 166, 167, 168, 182, 183, 184, 185, 186, 187, 188
00391, 65, 66, 83, 84, 85, 86, 87, 102, 103, 104, 105, 106, 107, 108, 122, 123, 124, 125, 126, 127, 128, 142, 143, 144, 145, 146, 147, 148, 162, 163, 164, 165, 166, 167, 168, 182, 183, 184, 185, 186, 187, 188
00392, 65, 66, 83, 84, 85, 86, 87, 102, 103, 104, 105, 106, 107, 108, 122, 123, 124, 125, 126, 127, 128, 142, 143, 144, 145, 146, 147, 148, 162, 163, 164, 165, 166, 167, 168, 182, 183, 184, 185, 186, 187, 188
00393, 65, 66, 83, 84, 85, 86, 87, 102, 103, 104, 105, 106, 107, 108, 122, 123, 124, 125, 126, 127, 128, 142, 143, 144, 145, 146, 147, 148, 162, 163, 164, 165, 166, 167, 168, 182, 183, 184, 185, 186, 187, 188
00394, 65, 66, 83, 84, 85, 86, 87, 102, 103, 104, 105, 106, 107, 108, 122, 123, 124, 125, 126, 127, 128, 142, 143, 144, 145, 146, 147, 148, 162, 163, 164, 165, 166, 167, 168, 182, 183, 184, 185, 186, 187, 188
00395, 65, 66, 83, 84, 85, 86, 87, 102, 103, 104, 105, 106, 107, 108, 122, 123, 124, 125, 126, 127, 128, 142, 143, 144, 145, 146, 147, 148, 162, 163, 164, 165, 166, 167, 168, 182, 183, 184, 185, 186, 187, 188
00396, 65, 66, 83, 84, 85, 86, 87, 102, 103, 104, 105, 106, 107, 108, 122, 123, 124, 125, 126, 127, 128, 142, 143, 144, 145, 146, 147, 148, 162, 163, 164, 165, 166, 167, 168, 182, 183, 184, 185, 186, 187, 188
00397, 65, 66, 82, 83, 84, 85, 86, 87, 102, 103, 104, 105, 106, 107, 108, 121, 122, 123, 124, 125, 126, 127, 128, 141, 142, 143, 144, 145, 146, 147, 148, 162, 163, 164, 165, 166, 167, 168, 182, 183, 184, 185, 186, 187
00398, 65, 66, 82, 83, 84, 85, 86, 87, 102, 103, 104, 105, 106, 107, 108, 121, 122, 123, 124, 125, 126, 127, 128, 141, 142, 143, 144, 145, 146, 147, 148, 162, 163, 164, 165, 166, 167, 168, 182, 183, 184, 185, 186, 187
00399, 64, 65, 82, 83, 84, 85, 86, 87, 101, 102, 103, 104, 105, 106, 107, 121, 122, 123, 124, 125, 126, 127, 128, 141, 142, 143, 144, 145, 146, 147, 148, 161, 162, 163, 164, 165, 166, 167, 168, 182, 183, 184, 185, 186, 187
00400, 64, 65, 82, 83, 84, 85, 86, 87, 101, 102, 103, 104, 105, 106, 107, 121, 122, 123, 124, 125, 126, 127, 128, 141, 142, 143, 144, 145, 146, 147, 148, 161, 162, 163, 164, 165, 166, 167, 168, 182, 183, 184, 185, 186, 187
00401, 64, 65, 82, 83, 84, 85, 86, 101, 102, 103, 104, 105, 106, 107, 121, 122, 123, 124, 125, 126, 127, 141, 142, 143, 144, 145, 146, 147, 161, 162, 163, 164, 165, 166, 167, 182, 183, 184, 185, 186, 187
00402, 64, 65, 82, 83, 84, 85, 86, 101, 102, 103, 104, 105, 106, 107, 121, 122, 123, 124, 125, 126, 127, 141, 142, 143, 144, 145, 146, 147, 161, 162, 163, 164, 165, 166, 167, 182, 183, 184, 185, 186, 187
00403, 64, 65, 81, 82, 83, 84, 85, 86, 101, 102, 103, 104, 105, 106, 107, 121, 122, 123, 124, 125, 126, 127, 141, 142, 143, 144, 145, 146, 147, 161, 162, 163, 164, 165, 166, 167, 182, 183, 184, 185, 186
00404, 64, 65, 81, 82, 83, 84, 85, 86, 101, 102, 103, 104, 105, 106, 107, 121, 122, 123, 124, 125, 126, 127, 141, 142, 143, 144, 145, 146, 147, 161, 162, 163, 164, 165, 166, 167, 182, 183, 184, 185, 186
00405, 63, 64, 65, 81, 82, 83, 84, 85, 86, 101, 102, 103, 104, 105, 106, 121, 122, 123, 124, 125, 126, 127, 140, 141, 142, 143, 144, 145, 146, 147, 160, 161, 162, 163, 164, 165, 166, 182, 183, 184, 185
00406, 63, 64, 65, 81, 82, 83, 84, 85, 86, 101, 102, 103, 104, 105, 106, 121, 122, 123, 124, 125, 126, 127, 140, 141, 142, 143, 144, 145, 146, 147, 160, 161, 162, 163, 164, 165, 166, 182, 183, 184, 185
00407, 63, 64, 65, 81, 82, 83, 84, 85, 86, 101, 102, 103, 104, 105, 106, 120, 121, 122, 123, 124, 125, 126, 140, 141, 142, 143, 144, 145, 146, 160, 161, 162, 163, 164, 165, 166, 182, 183, 184, 185
00408, 63, 64, 65, 81, 82, 83, 84, 85, 86, 101, 102, 103, 104, 105, 106, 120, 121, 122, 123, 124, 125, 126, 140, 141, 142, 143, 144, 145, 146, 160, 161, 162, 163, 164, 165, 166, 182, 183, 184, 185
00409, 63, 64, 65, 81, 82, 83, 84, 85, 86, 101, 102, 103, 104, 105, 106, 120, 121, 122, 123, 124, 125, 126, 140, 141, 142, 143, 144, 145, 146, 160, 161, 162, 163, 164, 165, 166, 180, 182, 183, 184
00410, 63, 64, 65, 81, 82, 83, 84, 85, 86, 101, 102, 103, 104, 105, 106, 120, 121, 122, 123, 124, 125, 126, 140, 141, 142, 143, 144, 145, 146, 160, 161, 162, 163, 164, 165, 166, 180, 182, 183, 184
00411, 62, 63, 64, 65, 81, 82, 83, 84, 85, 86, 100, 101, 102, 103, 104, 105, 106, 120, 121, 122, 123, 124, 125, 126, 140, 141, 142, 143, 144, 145, 146, 160, 161, 162, 163, 164, 165, 166, 180, 182, 183, 184
00412, 62, 63, 64, 65, 81, 82, 83, 84, 85, 86, 100, 101, 102, 103, 104, 105, 106, 120, 121, 122, 123, 124, 125, 126, 140, 141, 142, 143, 144, 145, 146, 160, 161, 162, 163, 164, 165, 166, 180, 182, 183, 184
00413, 62, 63, 64, 65, 81, 82, 83, 84, 85, 100, 101, 102, 103, 104, 105, 106, 120, 121, 122, 123, 124, 125, 126, 140, 141, 142, 143, 144, 145, 146, 160, 161, 162, 163, 164, 165, 180, 182, 183, 184
00414, 62, 63, 64, 65, 81, 82, 83, 84, 85, 100, 101, 102, 103, 104, 105, 106, 120, 121, 122, 123, 124, 125, 126, 140, 141, 142, 143, 144, 145, 146, 160, 161, 162, 163, 164, 165, 180, 182, 183, 184
00415, 62, 63, 64, 81, 82, 83, 84, 85, 100, 101, 102, 103, 104, 105, 106, 120, 121, 122, 123, 124, 125, 126, 140, 141, 142, 143, 144, 145, 146, 160, 161, 162, 163, 164, 165, 180
00416, 62, 63, 64, 81, 82, 83, 84, 85, 100, 101, 102, 103, 104, 105, 106, 120, 121, 122, 123, 124, 125, 126, 140, 141, 142, 143, 144, 145, 146, 160, 161, 162, 163, 164, 165, 180
00417, 62, 63, 64, 81, 82, 83, 84, 85, 100, 101, 102, 103, 104, 105, 120, 121, 122, 123, 124, 125, 140, 141, 142, 143, 144, 145, 160, 161, 162, 163, 164, 165, 180
00418, 62, 63, 64, 81, 82, 83, 84, 85, 100, 101, 102, 103, 104, 105, 120, 121, 122, 123, 124, 125, 140, 141, 142, 143, 144, 145, 160, 161, 162, 163, 164, 165, 180
00419, 43, 61, 62, 63, 64, 80, 81, 82, 83, 84, 85, 100, 101, 102, 103, 104, 105, 119, 120, 121, 122, 123, 124, 125, 139, 140, 141, 142, 143, 144, 145, 160, 161, 162, 163, 164, 165, 180
00420, 43, 61, 62, 63, 64, 80, 81, 82, 83, 84, 85, 100, 101, 102, 103, 104, 105, 119, 120, 121, 122, 123, 124, 125, 139, 140, 141, 142, 143, 144, 145, 160, 161, 162, 163, 164, 165, 180
00421, 43, 61, 62, 63, 64, 80, 81, 82, 83, 84, 85, 100, 101, 102, 103, 104, 105, 119, 120, 121, 122, 123, 124, 125, 139, 140, 141, 142, 143, 144, 145, 159, 160, 161, 162, 163, 164, 180
00422, 43, 61, 62, 63, 64, 80, 81, 82, 83, 84, 85, 100, 101, 102, 103, 104, 105, 119, 120, 121, 122, 123, 124, 125, 139, 140, 141, 142, 143, 144, 145, 159, 160, 161, 162, 163, 164, 180
00423, 42, 43, 61, 62, 63, 64, 80, 81, 82, 83, 84, 85, 99, 100, 101, 102, 103, 104, 105, 119, 120, 121, 122, 123, 124, 125, 139, 140, 141, 142, 143, 144, 145, 159, 160, 161, 162, 163, 164, 180
00424, 42, 43, 61, 62, 63, 64, 80, 81, 82, 83, 84, 85, 99, 100, 101, 102, 103, 104, 105, 119, 120, 121, 122, 123, 124, 125, 139, 140, 141, 142, 143, 144, 145, 159, 160, 161, 162, 163, 164, 180
00425, 42, 43, 61, 62, 63, 64, 80, 81, 82, 83, 84, 85, 99, 100, 101, 102, 103, 104, 105, 119, 120, 121, 122, 123, 124, 125, 139, 140, 141, 142, 143, 144, 145, 159, 160, 161, 162, 163, 164, 180
00426, 42, 43, 61, 62, 63, 64, 80, 81, 82, 83, 84, 85, 99, 100, 101, 102, 103, 104, 105, 119, 120, 121, 122, 123, 124, 125, 139, 140, 141, 142, 143, 144, 145, 159, 160, 161, 162, 163, 164, 180
00427, 42, 43, 61, 62, 63, 64, 80, 81, 82, 83, 84, 85, 99, 100, 101, 102, 103, 104, 105, 119, 120, 121, 122, 123, 124, 125, 139, 140, 141, 142, 143, 144, 159, 160, 161, 162, 163, 164, 180
00428, 42, 43, 61, 62, 63, 64, 80, 81, 82, 83, 84, 85, 99, 100, 101, 102, 103, 104, 105, 119, 120, 121, 122, 123, 124, 125, 139, 140, 141, 142, 143, 144, 159, 160, 161, 162, 163, 164, 180
00429, 42, 43, 61, 62, 63, 64, 80, 81, 82, 83, 84, 85, 99, 100, 101, 102, 103, 104, 105, 119, 120, 121, 122, 123, 124, 125, 139, 140, 141, 142, 143, 144, 159, 160, 161, 162, 163, 180
00430, 42, 43, 61, 62, 63, 64, 80, 81, 82, 83, 84, 85, 99, 100, 101, 102, 103, 104, 105, 119, 120, 121, 122, 123, 124, 125, 139, 140, 141, 142, 143, 144, 159, 160, 161, 162, 163, 180
00431, 22, 23, 41, 42, 43, 44, 59, 60, 61, 62, 63, 64, 79, 80, 81, 82, 83, 84, 99, 100, 101, 102, 103, 104, 119, 120, 121, 122, 123, 124, 139, 140, 141, 142, 143, 160
00432, 22, 23, 41, 42, 43, 44, 59, 60, 61, 62, 63, 64, 79, 80, 81, 82, 83, 84, 99, 100, 101, 102, 103, 104, 119, 120, 121, 122, 123, 124, 139, 140, 141, 142, 143, 160
00433, 22, 41, 42, 43, 44, 59, 60, 61, 62, 63, 64, 79, 80, 81, 82, 83, 84, 99, 100, 101, 102, 103, 104, 119, 120, 121, 122, 123, 124, 139, 140, 141, 142, 143, 160
00434, 22, 41, 42, 43, 44, 59, 60, 61, 62, 63, 64, 79, 80, 81, 82, 83, 84, 99, 100, 101, 102, 103, 104, 119, 120, 121, 122, 123, 124, 139, 140, 141, 142, 143, 160
00435, 22, 41, 42, 43, 44, 59, 60, 61, 62, 63, 64, 79, 80, 81, 82, 83, 84, 99, 100, 101, 102, 103, 104, 119, 120, 121, 122, 123, 124, 139, 140, 141, 142, 143, 160
00436, 22, 41, 42, 43, 44, 59, 60, 61, 62, 63, 64, 79, 80, 81, 82, 83, 84, 99, 100, 101, 102, 103, 104, 119, 120, 121, 122, 123, 124, 139, 140, 141, 142, 143, 160
00437, 22, 41, 42, 43, 44, 59, 60, 61, 62, 63, 64, 79, 80, 81, 82, 83, 84, 99, 100, 101, 102, 103, 104, 119, 120, 121, 122, 123, 124, 139, 140, 141, 142, 143, 160
00438, 22, 41, 42, 43, 44, 59, 60, 61, 62, 63, 64, 79, 80, 81, 82, 83, 84, 99, 100, 101, 102, 103, 104, 119, 120, 121, 122, 123, 124, 139, 140, 141, 142, 143, 160
00439, 22, 40, 41, 42, 43, 44, 59, 60, 61, 62, 63, 64, 79, 80, 81, 82, 83, 84, 99, 100, 101, 102, 103, 104, 119, 120, 121, 122, 123, 124, 139, 140, 141, 142, 143, 160
00440, 22, 40, 41, 42, 43, 44, 59, 60, 61, 62, 63, 64, 79, 80, 81, 82, 83, 84, 99, 100, 101, 102, 103, 104, 119, 120, 121, 122, 123, 124, 139, 140, 141, 142, 143, 160
00441, 22, 40, 41, 42, 43, 44, 59, 60, 61, 62, 63, 64, 79, 80, 81, 82, 83, 84, 99, 100, 101, 102, 103, 104, 119, 120, 121, 122, 123, 124, 139, 140, 141, 142, 143, 160
00442, 22, 40, 41, 42, 43, 44, 59, 60, 61, 62, 63, 64, 79, 80, 81, 82, 83, 84, 99, 100, 101, 102, 103, 104, 119, 120, 121, 122, 123, 124, 139, 140, 141, 142, 143, 160
00443, 22, 40, 41, 42, 43, 44, 59, 60, 61, 62, 63, 64, 79, 80, 81, 82, 83, 84, 98, 99, 100, 101, 102, 103, 104, 118, 119, 120, 121, 122, 123, 124, 139, 140, 141, 142, 143, 160
00444, 22, 40, 41, 42, 43, 44, 59, 60, 61, 62, 63, 64, 79, 80, 81, 82, 83, 84, 98, 99, 100, 101, 102, 103, 104, 118, 119, 120, 121, 122, 123, 124, 139, 140, 141, 142, 143, 160
00445, 22, 40, 41, 42, 43, 59, 60, 61, 62, 63, 64, 78, 79, 80, 81, 82, 83, 84, 98, 99, 100, 101, 102, 103, 104, 118, 119, 120, 121, 122, 123, 139, 140, 141, 142, 143, 160
00446, 22, 40, 41, 42, 43, 59, 60, 61, 62, 63, 64, 78, 79, 80, 81, 82, 83, 84, 98, 99, 100, 101, 102, 103, 104, 118, 119, 120, 121, 122, 123, 139, 140, 141, 142, 143, 160
00447, 22, 40, 41, 42, 43, 59, 60, 61, 62, 63, 64, 78, 79, 80, 81, 82, 83, 84, 98, 99, 100, 101, 102, 103, 104, 118, 119, 120, 121, 122, 123, 139, 140, 141, 142, 143, 160
00448, 22, 40, 41, 42, 43, 59, 60, 61, 62, 63, 64, 78, 79, 80, 81, 82, 83, 84, 98, 99, 100, 101, 102, 103, 104, 118, 119, 120, 121, 122, 123, 139, 140, 141, 142, 143, 160
00449, 22, 40, 41, 42, 43, 59, 60, 61, 62, 63, 64, 78, 79, 80, 81, 82, 83, 84, 98, 99, 100, 101, 102, 103, 104, 118, 119, 120, 121, 122, 123, 139, 140, 141, 142, 160
00450, 22, 40, 41, 42, 43, 59, 60, 61, 62, 63, 64, 78, 79, 80, 81, 82, 83, 84, 98, 99, 100, 101, 102, 103, 104, 118, 119, 120, 121, 122, 123, 139, 140, 141, 142, 160
00451, 22, 40, 41, 42, 43, 59, 60, 61, 62, 63, 64, 78, 79, 80, 81, 82, 83, 84, 98, 99, 100, 101, 102, 103, 104, 118, 119, 120, 121, 122, 123, 138, 139, 140, 141, 142, 159, 160
00452, 22, 40, 41, 42, 43, 59, 60, 61, 62, 63, 64, 78, 79, 80, 81, 82, 83, 84, 98, 99, 100, 101, 102, 103, 104, 118, 119, 120, 121, 122, 123, 138, 139, 140, 141, 142, 159, 160
00453, 22, 40, 41, 42, 43, 58, 59, 60, 61, 62, 63, 78, 79, 80, 81, 82, 83, 98, 99, 100, 101, 102, 103, 118, 119, 120, 121, 122, 123, 138, 139, 140, 141, 142, 159, 160
00454, 22, 40, 41, 42, 43, 58, 59, 60, 61, 62, 63, 78, 79, 80, 81, 82, 83, 98, 99, 100, 101, 102, 103, 118, 119, 120, 121, 122, 123, 138, 139, 140, 141, 142, 159, 160
00455, 22, 39, 40, 41, 42, 43, 58, 59, 60, 61, 62, 63, 78, 79, 80, 81, 82, 83, 98, 99, 100, 101, 102, 103, 118, 119, 120, 121, 122, 123, 138, 139, 140, 141, 142, 159, 160
00456, 22, 39, 40, 41, 42, 43, 58, 59, 60, 61, 62, 63, 78, 79, 80, 81, 82, 83, 98, 99, 100, 101, 102, 103, 118, 119, 120, 121, 122, 123, 138, 139, 140, 141, 142, 159, 160
00457, 39, 40, 41, 42, 43, 58, 59, 60, 61, 62, 63, 78, 79, 80, 81, 82, 83, 98, 99, 100, 101, 102, 103, 118, 119, 120, 121, 122, 123, 138, 139, 140, 141, 142, 159, 160
00458, 39, 40, 41, 42, 43, 58, 59, 60, 61, 62, 63, 78, 79, 80, 81, 82, 83, 98, 99, 100, 101, 102, 103, 118, 119, 120, 121, 122, 123, 138, 139, 140, 141, 142, 159, 160
00459, 39, 40, 41, 42, 43, 58, 59, 60, 61, 62, 63, 78, 79, 80, 81, 82, 83, 98, 99, 100, 101, 102, 103, 118, 119, 120, 121, 122, 123, 138, 139, 140, 141, 142, 159, 160
00460, 39, 40, 41, 42, 43, 58, 59, 60, 61, 62, 63, 78, 79, 80, 81, 82, 83, 98, 99, 100, 101, 102, 103, 118, 119, 120, 121, 122, 123, 138, 139, 140, 141, 142, 159, 160
00461, 39, 40, 41, 42, 58, 59, 60, 61, 62, 63, 78, 79, 80, 81, 82, 83, 97, 98, 99, 100, 101, 102, 103, 117, 118, 119, 120, 121, 122, 123, 138, 139, 140, 141, 142, 159, 160
00462, 39, 40, 41, 42, 58, 59, 60, 61, 62, 63, 78, 79, 80, 81, 82, 83, 97, 98, 99, 100, 101, 102, 103, 117, 118, 119, 120, 121, 122, 123, 138, 139, 140, 141, 142, 159, 160
00463, 40, 41, 42, 58, 59, 60, 61, 62, 63, 78, 79, 80, 81, 82, 83, 97, 98, 99, 100, 101, 102, 103, 117, 118, 119, 120, 121, 122, 123, 138, 139, 140, 141, 142, 158, 159, 160
00464, 40, 41, 42, 58, 59, 60, 61, 62, 63, 78, 79, 80, 81, 82, 83, 97, 98, 99, 100, 101, 102, 103, 117, 118, 119, 120, 121, 122, 123, 138, 139, 140, 141, 142, 158, 159, 160
00465, 42, 58, 59, 60, 61, 62, 63, 78, 79, 80, 81, 82, 83, 97, 98, 99, 100, 101, 102, 103, 117, 118, 119, 120, 121, 122, 123, 138, 139, 140, 141, 142, 158, 159, 160
00466, 42, 58, 59, 60, 61, 62, 63, 78, 79, 80, 81, 82, 83, 97, 98, 99, 100, 101, 102, 103, 117, 118, 119, 120, 121, 122, 123, 138, 139, 140, 141, 142, 158, 159, 160
00467, 42, 58, 59, 60, 61, 62, 63, 78, 79, 80, 81, 82, 83, 97, 98, 99, 100, 101, 102, 103, 117, 118, 119, 120, 121, 122, 123, 137, 138, 139, 140, 141, 142, 158, 159, 160
00468, 42, 58, 59, 60, 61, 62, 63, 78, 79, 80, 81, 82, 83, 97, 98, 99, 100, 101, 102, 103, 117, 118, 119, 120, 121, 122, 123, 137, 138, 139, 140, 141, 142, 158, 159, 160
00469, 42, 58, 59, 60, 61, 62, 78, 79, 80, 81, 82, 83, 97, 98, 99, 100, 101, 102, 103, 117, 118, 119, 120, 121, 122, 123, 137, 138, 139, 140, 141, 142, 158, 159, 160, 161, 179, 180
00470, 42, 58, 59, 60, 61, 62, 78, 79, 80, 81, 82, 83, 97, 98, 99, 100, 101, 102, 103, 117, 118, 119, 120, 121, 122, 123, 137, 138, 139, 140, 141, 142, 158, 159, 160, 161, 179, 180
00471, 42, 58, 59, 60, 61, 62, 77, 78, 79, 80, 81, 82, 83, 97, 98, 99, 100, 101, 102, 103, 117, 118, 119, 120, 121, 122, 123, 137, 138, 139, 140, 141, 142, 158, 159, 160, 161, 179, 180
00472, 42, 58, 59, 60, 61, 62, 77, 78, 79, 80, 81, 82, 83, 97, 98, 99, 100, 101, 102, 103, 117, 118, 119, 120, 121, 122, 123, 137, 138, 139, 140, 141, 142, 158, 159, 160, 161, 179, 180
00473, 58, 59, 60, 61, 62, 77, 78, 79, 80, 81, 82, 83, 97, 98, 99, 100, 101, 102, 103, 117, 118, 119, 120, 121, 122, 123, 137, 138, 139, 140, 141, 142, 158, 159, 160, 161, 179, 180
00474, 58, 59, 60, 61, 62, 77, 78, 79, 80, 81, 82, 83, 97, 98, 99, 100, 101, 102, 103, 117, 118, 119, 120, 121, 122, 123, 137, 138, 139, 140, 141, 142, 158, 159, 160, 161, 179, 180
00475, 58, 59, 60, 61, 62, 77, 78, 79, 80, 81, 82, 83, 97, 98, 99, 100, 101, 102, 103, 117, 118, 119, 120, 121, 122, 137, 138, 139, 140, 141, 142, 158, 159, 160, 161, 179, 180
00476, 58, 59, 60, 61, 62, 77, 78, 79, 80, 81, 82, 83, 97, 98, 99, 100, 101, 102, 103, 117, 118, 119, 120, 121, 122, 137, 138, 139, 140, 141, 142, 158, 159, 160, 161, 179, 180
00477, 58, 59, 60, 61, 62, 77, 78, 79, 80, 81, 82, 83, 97, 98, 99, 100, 101, 102, 103, 117, 118, 119, 120, 121, 122, 137, 138, 139, 140, 141, 142, 157, 158, 159, 160, 161, 179, 180
00478, 58, 59, 60, 61, 62, 77, 78, 79, 80, 81, 82, 83, 97, 98, 99, 100, 101, 102, 103, 117, 118, 119, 120, 121, 122, 137, 138, 139, 140, 141, 142, 157, 158, 159, 160, 161, 179, 180
00479, 58, 59, 60, 61, 62, 77, 78, 79, 80, 81, 82, 97, 98, 99, 100, 101, 102, 103, 117, 118, 119, 120, 121, 122, 137, 138, 139, 140, 141, 142, 157, 158, 159, 160, 161, 178, 179, 180
00480, 58, 59, 60, 61, 62, 77, 78, 79, 80, 81, 82, 97, 98, 99, 100, 101, 102, 103, 117, 118, 119, 120, 121, 122, 137, 138, 139, 140, 141, 142, 157, 158, 159, 160, 161, 178, 179, 180
00481, 58, 59, 60, 61, 62, 77, 78, 79, 80, 81, 82, 97, 98, 99, 100, 101, 102, 117, 118, 119, 120, 121, 122, 137, 138, 139, 140, 141, 142, 157, 158, 159, 160, 161, 178, 179, 180
00482, 58, 59, 60, 61, 62, 77, 78, 79, 80, 81, 82, 97, 98, 99, 100, 101, 102, 117, 118, 119, 120, 121, 122, 137, 138, 139, 140, 141, 142, 157, 158, 159, 160, 161, 178, 179, 180
00483, 58, 59, 60, 61, 62, 77, 78, 79, 80, 81, 82, 97, 98, 99, 100, 101, 102, 117, 118, 119, 120, 121, 122, 137, 138, 139, 140, 141, 142, 157, 158, 159, 160, 161, 178, 179, 180
00484, 58, 59, 60, 61, 62, 77, 78, 79, 80, 81, 82, 97, 98, 99, 100, 101, 102, 117, 118, 119, 120, 121, 122, 137, 138, 139, 140, 141, 142, 157, 158, 159, 160, 161, 178, 179, 180
00485, 58, 59, 60, 61, 62, 77, 78, 79, 80, 81, 82, 97, 98, 99, 100, 101, 102, 117, 118, 119, 120, 121, 122, 137, 138, 139, 140, 141, 142, 157, 158, 159, 160, 161, 178, 179, 180
00486, 58, 59, 60, 61, 62, 77, 78, 79, 80, 81, 82, 97, 98, 99, 100, 101, 102, 117, 118, 119, 120, 121, 122, 137, 138, 139, 140, 141, 142, 157, 158, 159, 160, 161, 178, 179, 180
00487, 58, 59, 60, 61, 62, 77, 78, 79, 80, 81, 82, 97, 98, 99, 100, 101, 102, 117, 118, 119, 120, 121, 122, 137, 138, 139, 140, 141, 142, 157, 158, 159, 160, 161, 178, 179, 180
00488, 58, 59, 60, 61, 62, 77, 78, 79, 80, 81, 82, 97, 98, 99, 100, 101, 102, 117, 118, 119, 120, 121, 122, 137, 138, 139, 140, 141, 142, 157, 158, 159, 160, 161, 178, 179, 180
00489, 59, 60, 61, 62, 77, 78, 79, 80, 81, 82, 97, 98, 99, 100, 101, 102, 117, 118, 119, 120, 121, 122, 137, 138, 139, 140, 141, 142, 157, 158, 159, 160, 161, 178, 179, 180
00490, 59, 60, 61, 62, 77, 78, 79, 80, 81, 82, 97, 98, 99, 100, 101, 102, 117, 118, 119, 120, 121, 122, 137, 138, 139, 140, 141, 142, 157, 158, 159, 160, 161, 178, 179, 180
00491, 59, 60, 61, 62, 77, 78, 79, 80, 81, 82, 97, 98, 99, 100, 101, 102, 117, 118, 119, 120, 121, 122, 137, 138, 139, 140, 141, 142, 157, 158, 159, 160, 161, 178, 179, 180
00492, 59, 60, 61, 62, 77, 78, 79, 80, 81, 82, 97, 98, 99, 100, 101, 102, 117, 118, 119, 120, 121, 122, 137, 138, 139, 140, 141, 142, 157, 158, 159, 160, 161, 178, 179, 180
00493, 59, 60, 61, 77, 78, 79, 80, 81, 82, 97, 98, 99, 100, 101, 102, 116, 117, 118, 119, 120, 121, 122, 136, 137, 138, 139, 140, 141, 142, 157, 158, 159, 160, 161, 177, 178, 179, 180
00494, 59, 60, 61, 77, 78, 79, 80, 81, 82, 97, 98, 99, 100, 101, 102, 116, 117, 118, 119, 120, 121, 122, 136, 137, 138, 139, 140, 141, 142, 157, 158, 159, 160, 161, 177, 178, 179, 180
00495, 59, 60, 61, 77, 78, 79, 80, 81, 82, 97, 98, 99, 100, 101, 102, 116, 117, 118, 119, 120, 121, 122, 136, 137, 138, 139, 140, 141, 142, 157, 158, 159, 160, 161, 177, 178, 179, 180
00496, 59, 60, 61, 77, 78, 79, 80, 81, 82, 97, 98, 99, 100, 101, 102, 116, 117, 118, 119, 120, 121, 122, 136, 137, 138, 139, 140, 141, 142, 157, 158, 159, 160, 161, 177, 178, 179, 180
00497, 59, 60, 61, 77, 78, 79, 80, 81, 82, 96, 97, 98, 99, 100, 101, 102, 116, 117, 118, 119, 120, 121, 122, 136, 137, 138, 139, 140, 141, 142, 157, 158, 159, 160, 161, 177, 178, 179, 180
00498, 59, 60, 61, 77, 78, 79, 80, 81, 82, 96, 97, 98, 99, 100, 101, 102, 116, 117, 118, 119, 120, 121, 122, 136, 137, 138, 139, 140, 141, 142, 157, 158, 159, 160, 161, 177, 178, 179, 180
00499, 59, 60, 61, 77, 78, 79, 80, 81, 82, 96, 97, 98, 99, 100, 101, 102, 116, 117, 118, 119, 120, 121, 122, 136, 137, 138, 139, 140, 141, 142, 157, 158, 159, 160, 161, 177, 178, 179, 180
00500, 59, 60, 61, 77, 78, 79, 80, 81, 82, 96, 97, 98, 99, 100, 101, 102, 116, 117, 118, 119, 120, 121, 122, 136, 137, 138, 139, 140, 141, 142, 157, 158, 159, 160, 161, 177, 178, 179, 180
00501, 59, 60, 61, 77, 78, 79, 80, 81, 82, 96, 97, 98, 99, 100, 101, 102, 116, 117, 118, 119, 120, 121, 122, 136, 137, 138, 139, 140, 141, 142, 156, 157, 158, 159, 160, 161, 177, 178, 179, 180
00502, 59, 60, 61, 77, 78, 79, 80, 81, 82, 96, 97, 98, 99, 100, 101, 102, 116, 117, 118, 119, 120, 121, 122, 136, 137, 138, 139, 140, 141, 142, 156, 157, 158, 159, 160, 161, 177, 178, 179, 180
00503, 59, 60, 61, 77, 78, 79, 80, 81, 82, 96, 97, 98, 99, 100, 101, 102, 116, 117, 118, 119, 120, 121, 122, 136, 137, 138, 139, 140, 141, 156, 157, 158, 159, 160, 161, 177, 178, 179, 180
00504, 59, 60, 61, 77, 78, 79, 80, 81, 82, 96, 97, 98, 99, 100, 101, 102, 116, 117, 118, 119, 120, 121, 122, 136, 137, 138, 139, 140, 141, 156, 157, 158, 159, 160, 161, 177, 178, 179, 180
00505, 59, 60, 61, 77, 78, 79, 80, 81, 82, 96, 97, 98, 99, 100, 101, 102, 116, 117, 118, 119, 120, 121, 122, 136, 137, 138, 139, 140, 141, 156, 157, 158, 159, 160, 161, 177, 178, 179, 180
00506, 59, 60, 61, 77, 78, 79, 80, 81, 82, 96, 97, 98, 99, 100, 101, 102, 116, 117, 118, 119, 120, 121, 122, 136, 137, 138, 139, 140, 141, 156, 157, 158, 159, 160, 161, 177, 178, 179, 180
00507, 59, 60, 61, 77, 78, 79, 80, 81, 96, 97, 98, 99, 100, 101, 102, 116, 117, 118, 119, 120, 121, 122, 136, 137, 138, 139, 140, 141, 156, 157, 158, 159, 160, 161, 177, 178, 179, 180
00508, 59, 60, 61, 77, 78, 79, 80, 81, 96, 97, 98, 99, 100, 101, 102, 116, 117, 118, 119, 120, 121, 122, 136, 137, 138, 139, 140, 141, 156, 157, 158, 159, 160, 161, 177, 178, 179, 180
00509, 59, 60, 61, 77, 78, 79, 80, 81, 96, 97, 98, 99, 100, 101, 102, 116, 117, 118, 119, 120, 121, 122, 136, 137, 138, 139, 140, 141, 156, 157, 158, 159, 160, 177, 178, 179, 180
00510, 59, 60, 61, 77, 78, 79, 80, 81, 96, 97, 98, 99, 100, 101, 102, 116, 117, 118, 119, 120, 121, 122, 136, 137, 138, 139, 140, 141, 156, 157, 158, 159, 160, 177, 178, 179, 180
00511, 59, 60, 61, 77, 78, 79, 80, 81, 96, 97, 98, 99, 100, 101, 116, 117, 118, 119, 120, 121, 136, 137, 138, 139, 140, 141, 156, 157, 158, 159, 160, 177, 178, 179, 180
00512, 59, 60, 61, 77, 78, 79, 80, 81, 96, 97, 98, 99, 100, 101, 116, 117, 118, 119, 120, 121, 136, 137, 138, 139, 140, 141, 156, 157, 158, 159, 160, 177, 178, 179, 180
00513, 59, 60, 61, 76, 77, 78, 79, 80, 81, 96, 97, 98, 99, 100, 101, 116, 117, 118, 119, 120, 121, 136, 137, 138, 139, 140, 141, 156, 157, 158, 159, 160, 177, 178, 179, 180
00514, 59, 60, 61, 76, 77, 78, 79, 80, 81, 96, 97, 98, 99, 100, 101, 116, 117, 118, 119, 120, 121, 136, 137, 138, 139, 140, 141, 156, 157, 158, 159, 160, 177, 178, 179, 180
00515, 59, 61, 76, 77, 78, 79, 80, 81, 96, 97, 98, 99, 100, 101, 116, 117, 118, 119, 120, 121, 136, 137, 138, 139, 140, 141, 156, 157, 158, 159, 160, 177, 178, 179, 180
00516, 59, 61, 76, 77, 78, 79, 80, 81, 96, 97, 98, 99, 100, 101, 116, 117, 118, 119, 120, 121, 136, 137, 138, 139, 140, 141, 156, 157, 158, 159, 160, 177, 178, 179, 180
00517, 58, 59, 61, 76, 77, 78, 79, 80, 81, 96, 97, 98, 99, 100, 101, 116, 117, 118, 119, 120, 121, 136, 137, 138, 139, 140, 141, 156, 157, 158, 159, 160, 177, 178, 179, 180
00518, 58, 59, 61, 76, 77, 78, 79, 80, 81, 96, 97, 98, 99, 100, 101, 116, 117, 118, 119, 120, 121, 136, 137, 138, 139, 140, 141, 156, 157, 158, 159, 160, 177, 178, 179, 180
00519, 58, 59, 76, 77, 78, 79, 80, 81, 96, 97, 98, 99, 100, 101, 115, 116, 117, 118, 119, 120, 121, 135, 136, 137, 138, 139, 140, 141, 156, 157, 158, 159, 160, 176, 177, 178, 179, 180
00520, 58, 59, 76, 77, 78, 79, 80, 81, 96, 97, 98, 99, 100, 101, 115, 116, 117, 118, 119, 120, 121, 135, 136, 137, 138, 139, 140, 141, 156, 157, 158, 159, 160, 176, 177, 178, 179, 180
00521, 58, 59, 76, 77, 78, 79, 80, 81, 95, 96, 97, 98, 99, 100, 101, 115, 116, 117, 118, 119, 120, 121, 135, 136, 137, 138, 139, 140, 141, 156, 157, 158, 159, 160, 176, 177, 178, 179, 180
00522, 58, 59, 76, 77, 78, 79, 80, 81, 95, 96, 97, 98, 99, 100, 101, 115, 116, 117, 118, 119, 120, 121, 135, 136, 137, 138, 139, 140, 141, 156, 157, 158, 159, 160, 176, 177, 178, 179, 180
00523, 58, 59, 76, 77, 78, 79, 80, 81, 95, 96, 97, 98, 99, 100, 101, 115, 116, 117, 118, 119, 120, 121, 135, 136, 137, 138, 139, 140, 141, 156, 157, 158, 159, 160, 176, 177, 178, 179, 180
00524, 58, 59, 76, 77, 78, 79, 80, 81, 95, 96, 97, 98, 99, 100, 101, 115, 116, 117, 118, 119, 120, 121, 135, 136, 137, 138, 139, 140, 141, 156, 157, 158, 159, 160, 176, 177, 178, 179, 180
00525, 58, 59, 76, 77, 78, 79, 80, 81, 95, 96, 97, 98, 99, 100, 101, 115, 116, 117, 118, 119, 120, 121, 135, 136, 137, 138, 139, 140, 155, 156, 157, 158, 159, 160, 176, 177, 178, 179, 180
00526, 58, 59, 76, 77, 78, 79, 80, 81, 95, 96, 97, 98, 99, 100, 101, 115, 116, 117, 118, 119, 120, 121, 135, 136, 137, 138, 139, 140, 155, 156, 157, 158, 159, 160, 176, 177, 178, 179, 180
00527, 58, 59, 76, 77, 78, 79, 80, 95, 96, 97, 98, 99, 100, 101, 115, 116, 117, 118, 119, 120, 121, 135, 136, 137, 138, 139, 140, 155, 156, 157, 158, 159, 160, 176, 177, 178, 179
00528, 58, 59, 76, 77, 78, 79, 80, 95, 96, 97, 98, 99, 100, 101, 115, 116, 117, 118, 119, 120, 121, 135, 136, 137, 138, 139, 140, 155, 156, 157, 158, 159, 160, 176, 177, 178, 179
00529, 57, 58, 59, 75, 76, 77, 78, 79, 80, 95, 96, 97, 98, 99, 100, 115, 116, 117, 118, 119, 120, 135, 136, 137, 138, 139, 140, 155, 156, 157, 158, 159, 160, 176, 177, 178, 179
00530, 57, 58, 59, 75, 76, 77, 78, 79, 80, 95, 96, 97, 98, 99, 100, 115, 116, 117, 118, 119, 120, 135, 136, 137, 138, 139, 140, 155, 156, 157, 158, 159, 160, 176, 177, 178, 179
00531, 57, 58, 59, 75, 76, 77, 78, 79, 80, 95, 96, 97, 98, 99, 100, 115, 116, 117, 118, 119, 120, 135, 136, 137, 138, 139, 140, 155, 156, 157, 158, 159, 160, 176, 177, 178, 179
00532, 57, 58, 59, 75, 76, 77, 78, 79, 80, 95, 96, 97, 98, 99, 100, 115, 116, 117, 118, 119, 120, 135, 136, 137, 138, 139, 140, 155, 156, 157, 158, 159, 160, 176, 177, 178, 179
00533, 57, 58, 59, 75, 76, 77, 78, 79, 80, 95, 96, 97, 98, 99, 100, 115, 116, 117, 118, 119, 120, 135, 136, 137, 138, 139, 140, 155, 156, 157, 158, 159, 160, 176, 177, 178, 179
00534, 57, 58, 59, 75, 76, 77, 78, 79, 80, 95, 96, 97, 98, 99, 100, 115, 116, 117, 118, 119, 120, 135, 136, 137, 138, 139, 140, 155, 156, 157, 158, 159, 160, 176, 177, 178, 179
00535, 57, 58, 59, 75, 76, 77, 78, 79, 80, 95, 96, 97, 98, 99, 100, 115, 116, 117, 118, 119, 120, 135, 136, 137, 138, 139, 140, 155, 156, 157, 158, 159, 160, 176, 177, 178, 179
00536, 57, 58, 59, 75, 76, 77, 78, 79, 80, 95, 96, 97, 98, 99, 100, 115, 116, 117, 118, 119, 120, 135, 136, 137, 138, 139, 140, 155, 156, 157, 158, 159, 160, 176, 177, 178, 179
00537, 57, 58, 59, 75, 76, 77, 78, 79, 80, 95, 96, 97, 98, 99, 100, 115, 116, 117, 118, 119, 120, 135, 136, 137, 138, 139, 140, 155, 156, 157, 158, 159, 160, 176, 177, 178
00538, 57, 58, 59, 75, 76, 77, 78, 79, 80, 95, 96, 97, 98, 99, 100, 115, 116, 117, 118, 119, 120, 135, 136, 137, 138, 139, 140, 155, 156, 157, 158, 159, 160, 176, 177, 178
00539, 57, 58, 59, 75, 76, 77, 78, 79, 80, 95, 96, 97, 98, 99, 100, 115, 116, 117, 118, 119, 120, 135, 136, 137, 138, 139, 140, 155, 156, 157, 158, 159, 160, 177, 178
00540, 57, 58, 59, 75, 76, 77, 78, 79, 80, 95, 96, 97, 98, 99, 100, 115, 116, 117, 118, 119, 120, 135, 136, 137, 138, 139, 140, 155, 156, 157, 158, 159, 160, 177, 178
00541, 57, 58, 59, 75, 76, 77, 78, 79, 80, 95, 96, 97, 98, 99, 100, 115, 116, 117, 118, 119, 120, 135, 136, 137, 138, 139, 140, 155, 156, 157, 158, 159, 160, 177, 178
00542, 57, 58, 59, 75, 76, 77, 78, 79, 80, 95, 96, 97, 98, 99, 100, 115, 116, 117, 118, 119, 120, 135, 136, 137, 138, 139, 140, 155, 156, 157, 158, 159, 160, 177, 178
00543, 57, 58, 59, 75, 76, 77, 78, 79, 80, 95, 96, 97, 98, 99, 100, 115, 116, 117, 118, 119, 120, 135, 136, 137, 138, 139, 140, 155, 156, 157, 158, 159, 160, 177, 178
00544, 57, 58, 59, 75, 76, 77, 78, 79, 80, 95, 96, 97, 98, 99, 100, 115, 116, 117, 118, 119, 120, 135, 136, 137, 138, 139, 140, 155, 156, 157, 158, 159, 160, 177, 178
00545, 57, 58, 59, 75, 76, 77, 78, 79, 80, 95, 96, 97, 98, 99, 100, 115, 116, 117, 118, 119, 120, 135, 136, 137, 138, 139, 140, 155, 156, 157, 158, 159, 160, 177, 178
00546, 57, 58, 59, 75, 76, 77, 78, 79, 80, 95, 96, 97, 98, 99, 100, 115, 116, 117, 118, 119, 120, 135, 136, 137, 138, 139, 140, 155, 156, 157, 158, 159, 160, 177, 178
00547, 57, 58, 59, 75, 76, 77, 78, 79, 80, 95, 96, 97, 98, 99, 100, 115, 116, 117, 118, 119, 120, 135, 136, 137, 138, 139, 140, 155, 156, 157, 158, 159, 160, 177, 178
00548, 57, 58, 59, 75, 76, 77, 78, 79, 80, 95, 96, 97, 98, 99, 100, 115, 116, 117, 118, 119, 120, 135, 136, 137, 138, 139, 140, 155, 156, 157, 158, 159, 160, 177, 178
00549, 57, 58, 59, 75, 76, 77, 78, 79, 80, 95, 96, 97, 98, 99, 100, 115, 116, 117, 118, 119, 120, 135, 136, 137, 138, 139, 140, 155, 156, 157, 158, 159, 160, 177, 178
00550, 57, 58, 59, 75, 76, 77, 78, 79, 80, 95, 96, 97, 98, 99, 100, 115, 116, 117, 118, 119, 120, 135, 136, 137, 138, 139, 140, 155, 156, 157, 158, 159, 160, 177, 178
00551, 57, 58, 59, 75, 76, 77, 78, 79, 80, 95, 96, 97, 98, 99, 100, 115, 116, 117, 118, 119, 120, 135, 136, 137, 138, 139, 140, 155, 156, 157, 158, 159, 160, 177, 178
00552, 57, 58, 59, 75, 76, 77, 78, 79, 80, 95, 96, 97, 98, 99, 100, 115, 116, 117, 118, 119, 120, 135, 136, 137, 138, 139, 140, 155, 156, 157, 158, 159, 160, 177, 178
00553, 57, 58, 59, 75, 76, 77, 78, 79, 80, 95, 96, 97, 98, 99, 100, 115, 116, 117, 118, 119, 120, 135, 136, 137, 138, 139, 140, 156, 157, 158, 159, 160, 177, 178
00554, 57, 58, 59, 75, 76, 77, 78, 79, 80, 95, 96, 97, 98, 99, 100, 115, 116, 117, 118, 119, 120, 135, 136, 137, 138, 139, 140, 156, 157, 158, 159, 160, 177, 178
00555, 57, 58, 59, 75, 76, 77, 78, 79, 80, 95, 96, 97, 98, 99, 100, 115, 116, 117, 118, 119, 120, 135, 136, 137, 138, 139, 140, 156, 157, 158, 159, 160
00556, 57, 58, 59, 75, 76, 77, 78, 79, 80, 95, 96, 97, 98, 99, 100, 115, 116, 117, 118, 119, 120, 135, 136, 137, 138, 139, 140, 156, 157, 158, 159, 160
00557, 57, 58, 59, 75, 76, 77, 78, 79, 80, 95, 96, 97, 98, 99, 100, 115, 116, 117, 118, 119, 120, 135, 136, 137, 138, 139, 140, 156, 157, 158, 159, 160
00558, 57, 58, 59, 75, 76, 77, 78, 79, 80, 95, 96, 97, 98, 99, 100, 115, 116, 117, 118, 119, 120, 135, 136, 137, 138, 139, 140, 156, 157, 158, 159, 160
00559, 57, 58, 59, 60, 75, 76, 77, 78, 79, 80, 95, 96, 97, 98, 99, 100, 115, 116, 117, 118, 119, 120, 135, 136, 137, 138, 139, 140, 156, 157, 158, 159
00560, 57, 58, 59, 60, 75, 76, 77, 78, 79, 80, 95, 96, 97, 98, 99, 100, 115, 116, 117, 118, 119, 120, 135, 136, 137, 138, 139, 140, 156, 157, 158, 159
00561, 38, 56, 57, 58, 59, 60, 75, 76, 77, 78, 79, 80, 95, 96, 97, 98, 99, 100, 115, 116, 117, 118, 119, 120, 135, 136, 137, 138, 139, 140, 156, 157, 158, 159
00562, 38, 56, 57, 58, 59, 60, 75, 76, 77, 78, 79, 80, 95, 96, 97, 98, 99, 100, 115, 116, 117, 118, 119, 120, 135, 136, 137, 138, 139, 140, 156, 157, 158, 159
00563, 38, 39, 56, 57, 58, 59, 60, 75, 76, 77, 78, 79, 80, 81, 95, 96, 97, 98, 99, 100, 115, 116, 117, 118, 119, 120, 135, 136, 137, 138, 139, 140, 156, 157, 158, 159
00564, 38, 39, 56, 57, 58, 59, 60, 75, 76, 77, 78, 79, 80, 81, 95, 96, 97, 98, 99, 100, 115, 116, 117, 118, 119, 120, 135, 136, 137, 138, 139, 140, 156, 157, 158, 159
00565, 38, 39, 55, 56, 57, 58, 59, 60, 61, 75, 76, 77, 78, 79, 80, 81, 95, 96, 97, 98, 99, 100, 101, 115, 116, 117, 118, 119, 120, 135, 136, 137, 138, 139, 140, 156, 157, 158, 159
00566, 38, 39, 55, 56, 57, 58, 59, 60, 61, 75, 76, 77, 78, 79, 80, 81, 95, 96, 97, 98, 99, 100, 101, 115, 116, 117, 118, 119, 120, 135, 136, 137, 138, 139, 140, 156, 157, 158, 159
00567, 37, 38, 39, 55, 56, 57, 58, 59, 60, 61, 75, 76, 77, 78, 79, 80, 81, 95, 96, 97, 98, 99, 100, 101, 115, 116, 117, 118, 119, 120, 136, 137, 138, 139, 140, 157, 158, 159
00568, 37, 38, 39, 55, 56, 57, 58, 59, 60, 61, 75, 76, 77, 78, 79, 80, 81, 95, 96, 97, 98, 99, 100, 101, 115, 116, 117, 118, 119, 120, 136, 137, 138, 139, 140, 157, 158, 159
00569, 37, 38, 39, 40, 55, 56, 57, 58, 59, 60, 61, 75, 76, 77, 78, 79, 80, 81, 95, 96, 97, 98, 99, 100, 101, 115, 116, 117, 118, 119, 120, 136, 137, 138, 139, 140, 157, 158, 159
00570, 37, 38, 39, 40, 55, 56, 57, 58, 59, 60, 61, 75, 76, 77, 78, 79, 80, 81, 95, 96, 97, 98, 99, 100, 101, 115, 116, 117, 118, 119, 120, 136, 137, 138, 139, 140, 157, 158, 159
00571, 37, 38, 39, 40, 41, 55, 56, 57, 58, 59, 60, 61, 75, 76, 77, 78, 79, 80, 81, 95, 96, 97, 98, 99, 100, 101, 115, 116, 117, 118, 119, 120, 136, 137, 138, 139, 140, 157, 158, 159
00572, 37, 38, 39, 40, 41, 55, 56, 57, 58, 59, 60, 61, 75, 76, 77, 78, 79, 80, 81, 95, 96, 97, 98, 99, 100, 101, 115, 116, 117, 118, 119, 120, 136, 137, 138, 139, 140, 157, 158, 159
00573, 37, 38, 39, 40, 41, 55, 56, 57, 58, 59, 60, 61, 75, 76, 77, 78, 79, 80, 81, 95, 96, 97, 98, 99, 100, 101, 115, 116, 117, 118, 119, 120, 136, 137, 138, 139, 140, 157, 158, 159
00574, 37, 38, 39, 40, 41, 55, 56, 57, 58, 59, 60, 61, 75, 76, 77, 78, 79, 80, 81, 95, 96, 97, 98, 99, 100, 101, 115, 116, 117, 118, 119, 120, 136, 137, 138, 139, 140, 157, 158, 159
00575, 37, 38, 39, 40, 41, 55, 56, 57, 58, 59, 60, 61, 75, 76, 77, 78, 79, 80, 81, 95, 96, 97, 98, 99, 100, 101, 116, 117, 118, 119, 120, 136, 137, 138, 139, 140, 158, 159
00576, 37, 38, 39, 40, 41, 55, 56, 57, 58, 59, 60, 61, 75, 76, 77, 78, 79, 80, 81, 95, 96, 97, 98, 99, 100, 101, 116, 117, 118, 119, 120, 136, 137, 138, 139, 140, 158, 159
00577, 36, 37, 38, 39, 40, 41, 56, 57, 58, 59, 60, 61, 75, 76, 77, 78, 79, 80, 81, 95, 96, 97, 98, 99, 100, 101, 116, 117, 118, 119, 120, 136, 137, 138, 139, 140
00578, 36, 37, 38, 39, 40, 41, 56, 57, 58, 59, 60, 61, 75, 76, 77, 78, 79, 80, 81, 95, 96, 97, 98, 99, 100, 101, 116, 117, 118, 119, 120, 136, 137, 138, 139, 140
00579, 36, 37, 38, 39, 40, 41, 56, 57, 58, 59, 60, 61, 75, 76, 77, 78, 79, 80, 81, 96, 97, 98, 99, 100, 101, 116, 117, 118, 119, 120, 137, 138, 139, 140
00580, 36, 37, 38, 39, 40, 41, 56, 57, 58, 59, 60, 61, 75, 76, 77, 78, 79, 80, 81, 96, 97, 98, 99, 100, 101, 116, 117, 118, 119, 120, 137, 138, 139, 140
00581, 36, 37, 38, 39, 40, 41, 56, 57, 58, 59, 60, 61, 76, 77, 78, 79, 80, 81, 96, 97, 98, 99, 100, 101, 116, 117, 118, 119, 120, 137, 138, 139, 140
00582, 36, 37, 38, 39, 40, 41, 56, 57, 58, 59, 60, 61, 76, 77, 78, 79, 80, 81, 96, 97, 98, 99, 100, 101, 116, 117, 118, 119, 120, 137, 138, 139, 140
00583, 21, 36, 37, 38, 39, 40, 41, 42, 56, 57, 58, 59, 60, 61, 62, 76, 77, 78, 79, 80, 81, 82, 96, 97, 98, 99, 100, 101, 116, 117, 118, 119, 120, 137, 138, 139, 140
00584, 21, 36, 37, 38, 39, 40, 41, 42, 56, 57, 58, 59, 60, 61, 62, 76, 77, 78, 79, 80, 81, 82, 96, 97, 98, 99, 100, 101, 116, 117, 118, 119, 120, 137, 138, 139, 140
00585, 19, 21, 36, 37, 38, 39, 40, 41, 42, 56, 57, 58, 59, 60, 61, 62, 76, 77, 78, 79, 80, 81, 82, 96, 97, 98, 99, 100, 101, 116, 117, 118, 119, 120, 137, 138, 139, 140
00586, 19, 21, 36, 37, 38, 39, 40, 41, 42, 56, 57, 58, 59, 60, 61, 62, 76, 77, 78, 79, 80, 81, 82, 96, 97, 98, 99, 100, 101, 116, 117, 118, 119, 120, 137, 138, 139, 140
00587, 19, 20, 21, 22, 36, 37, 38, 39, 40, 41, 42, 56, 57, 58, 59, 60, 61, 62, 76, 77, 78, 79, 80, 81, 82, 96, 97, 98, 99, 100, 101, 116, 117, 118, 119, 120, 137, 138, 139, 140
00588, 19, 20, 21, 22, 36, 37, 38, 39, 40, 41, 42, 56, 57, 58, 59, 60, 61, 62, 76, 77, 78, 79, 80, 81, 82, 96, 97, 98, 99, 100, 101, 116, 117, 118, 119, 120, 137, 138, 139, 140
00589, 19, 20, 21, 22, 36, 37, 38, 39, 40, 41, 42, 56, 57, 58, 59, 60, 61, 62, 76, 77, 78, 79, 80, 81, 82, 96, 97, 98, 99, 100, 101, 102, 117, 118, 119, 120, 121, 138, 139, 140
00590, 19, 20, 21, 22, 36, 37, 38, 39, 40, 41, 42, 56, 57, 58, 59, 60, 61, 62, 76, 77, 78, 79, 80, 81, 82, 96, 97, 98, 99, 100, 101, 102, 117, 118, 119, 120, 121, 138, 139, 140
00591, 18, 19, 20, 21, 22, 36, 37, 38, 39, 40, 41, 42, 56, 57, 58, 59, 60, 61, 62, 76, 77, 78, 79, 80, 81, 82, 96, 97, 98, 99, 100, 101, 102, 117, 118, 119, 120, 121, 138, 139, 140
00592, 18, 19, 20, 21, 22, 36, 37, 38, 39, 40, 41, 42, 56, 57, 58, 59, 60, 61, 62, 76, 77, 78, 79, 80, 81, 82, 96, 97, 98, 99, 100, 101, 102, 117, 118, 119, 120, 121, 138, 139, 140
00593, 18, 19, 20, 21, 22, 37, 38, 39, 40, 41, 42, 56, 57, 58, 59, 60, 61, 62, 76, 77, 78, 79, 80, 81, 82, 96, 97, 98, 99, 100, 101, 102, 117, 118, 119, 120, 121, 138, 139, 140
00594, 18, 19, 20, 21, 22, 37, 38, 39, 40, 41, 42, 56, 57, 58, 59, 60, 61, 62, 76, 77, 78, 79, 80, 81, 82, 96, 97, 98, 99, 100, 101, 102, 117, 118, 119, 120, 121, 138, 139, 140
00595, 2, 18, 19, 20, 21, 22, 37, 38, 39, 40, 41, 42, 43, 57, 58, 59, 60, 61, 62, 63, 77, 78, 79, 80, 81, 82, 83, 97, 98, 99, 100, 101, 102, 117, 118, 119, 120, 121, 138, 139, 140
00596, 2, 18, 19, 20, 21, 22, 37, 38, 39, 40, 41, 42, 43, 57, 58, 59, 60, 61, 62, 63, 77, 78, 79, 80, 81, 82, 83, 97, 98, 99, 100, 101, 102, 117, 118, 119, 120, 121, 138, 139, 140
00597, 2, 18, 19, 20, 21, 22, 23, 37, 38, 39, 40, 41, 42, 43, 57, 58, 59, 60, 61, 62, 63, 77, 78, 79, 80, 81, 82, 83, 97, 98, 99, 100, 101, 102, 117, 118, 119, 120, 121, 138, 139, 140
00598, 2, 18, 19, 20, 21, 22, 23, 37, 38, 39, 40, 41, 42, 43, 57, 58, 59, 60, 61, 62, 63, 77, 78, 79, 80, 81, 82, 83, 97, 98, 99, 100, 101, 102, 117, 118, 119, 120, 121, 138, 139, 140
00599, 2, 18, 19, 20, 21, 22, 23, 37, 38, 39, 40, 41, 42, 43, 57, 58, 59, 60, 61, 62, 63, 77, 78, 79, 80, 81, 82, 83, 97, 98, 99, 100, 101, 102, 117, 118, 119, 120, 121, 138, 139, 140
00600, 2, 18, 19, 20, 21, 22, 23, 37, 38, 39, 40, 41, 42, 43, 57, 58, 59, 60, 61, 62, 63, 77, 78, 79, 80, 81, 82, 83, 97, 98, 99, 100, 101, 102, 117, 118, 119, 120, 121, 138, 139, 140
00601, 2, 18, 19, 20, 21, 22, 23, 37, 38, 39, 40, 41, 42, 43, 57, 58, 59, 60, 61, 62, 63, 77, 78, 79, 80, 81, 82, 83, 97, 98, 99, 100, 101, 102, 118, 119, 120, 121, 139, 140
00602, 2, 18, 19, 20, 21, 22, 23, 37, 38, 39, 40, 41, 42, 43, 57, 58, 59, 60, 61, 62, 63, 77, 78, 79, 80, 81, 82, 83, 97, 98, 99, 100, 101, 102, 118, 119, 120, 121, 139, 140
00603, 2, 18, 19, 20, 21, 22, 23, 37, 38, 39, 40, 41, 42, 43, 57, 58, 59, 60, 61, 62, 63, 77, 78, 79, 80, 81, 82, 83, 97, 98, 99, 100, 101, 102, 118, 119, 120, 121, 139, 140
00604, 2, 18, 19, 20, 21, 22, 23, 37, 38, 39, 40, 41, 42, 43, 57, 58, 59, 60, 61, 62, 63, 77, 78, 79, 80, 81, 82, 83, 97, 98, 99, 100, 101, 102, 118, 119, 120, 121, 139, 140
00605, 2, 18, 19, 20, 21, 22, 23, 37, 38, 39, 40, 41, 42, 43, 57, 58, 59, 60, 61, 62, 63, 77, 78, 79, 80, 81, 82, 83, 97, 98, 99, 100, 101, 102, 118, 119, 120, 121, 139, 140
00606, 2, 18, 19, 20, 21, 22, 23, 37, 38, 39, 40, 41, 42, 43, 57, 58, 59, 60, 61, 62, 63, 77, 78, 79, 80, 81, 82, 83, 97, 98, 99, 100, 101, 102, 118, 119, 120, 121, 139, 140
00607, 2, 18, 19, 20, 21, 22, 23, 37, 38, 39, 40, 41, 42, 43, 57, 58, 59, 60, 61, 62, 63, 77, 78, 79, 80, 81, 82, 83, 97, 98, 99, 100, 101, 102, 117, 118, 119, 120, 121, 139, 140
00608, 2, 18, 19, 20, 21, 22, 23, 37, 38, 39, 40, 41, 42, 43, 57, 58, 59, 60, 61, 62, 63, 77, 78, 79, 80, 81, 82, 83, 97, 98, 99, 100, 101, 102, 117, 118, 119, 120, 121, 139, 140
00609, 18, 19, 20, 21, 22, 23, 37, 38, 39, 40, 41, 42, 43, 57, 58, 59, 60, 61, 62, 63, 77, 78, 79, 80, 81, 82, 83, 97, 98, 99, 100, 101, 102, 117, 118, 119, 120, 121, 138, 139, 140
00610, 18, 19, 20, 21, 22, 23, 37, 38, 39, 40, 41, 42, 43, 57, 58, 59, 60, 61, 62, 63, 77, 78, 79, 80, 81, 82, 83, 97, 98, 99, 100, 101, 102, 117, 118, 119, 120, 121, 138, 139, 140
00611, 18, 19, 20, 21, 22, 37, 38, 39, 40, 41, 42, 56, 57, 58, 59, 60, 61, 62, 63, 76, 77, 78, 79, 80, 81, 82, 97, 98, 99, 100, 101, 102, 117, 118, 119, 120, 121, 138, 139, 140
00612, 18, 19, 20, 21, 22, 37, 38, 39, 40, 41, 42, 56, 57, 58, 59, 60, 61, 62, 63, 76, 77, 78, 79, 80, 81, 82, 97, 98, 99, 100, 101, 102, 117, 118, 119, 120, 121, 138, 139, 140
00613, 18, 19, 20, 21, 22, 37, 38, 39, 40, 41, 42, 56, 57, 58, 59, 60, 61, 62, 76, 77, 78, 79, 80, 81, 82, 96, 97, 98, 99, 100, 101, 102, 117, 118, 119, 120, 121, 138, 139, 140
00614, 18, 19, 20, 21, 22, 37, 38, 39, 40, 41, 42, 56, 57, 58, 59, 60, 61, 62, 76, 77, 78, 79, 80, 81, 82, 96, 97, 98, 99, 100, 101, 102, 117, 118, 119, 120, 121, 138, 139, 140
00615, 19, 20, 21, 36, 37, 38, 39, 40, 41, 42, 56, 57, 58, 59, 60, 61, 62, 76, 77, 78, 79, 80, 81, 82, 96, 97, 98, 99, 100, 101, 116, 117, 118, 119, 120, 121, 137, 138, 139, 140
00616, 19, 20, 21, 36, 37, 38, 39, 40, 41, 42, 56, 57, 58, 59, 60, 61, 62, 76, 77, 78, 79, 80, 81, 82, 96, 97, 98, 99, 100, 101, 116, 117, 118, 119, 120, 121, 137, 138, 139, 140
00617, 36, 37, 38, 39, 40, 41, 56, 57, 58, 59, 60, 61, 62, 76, 77, 78, 79, 80, 81, 82, 96, 97, 98, 99, 100, 101, 116, 117, 118, 119, 120, 137, 138, 139, 140
00618, 36, 37, 38, 39, 40, 41, 56, 57, 58, 59, 60, 61, 62, 76, 77, 78, 79, 80, 81, 82, 96, 97, 98, 99, 100, 101, 116, 117, 118, 119, 120, 137, 138, 139, 140
00619, 36, 37, 38, 39, 40, 41, 56, 57, 58, 59, 60, 61, 75, 76, 77, 78, 79, 80, 81, 95, 96, 97, 98, 99, 100, 101, 116, 117, 118, 119, 120, 136, 137, 138, 139, 140
00620, 36, 37, 38, 39, 40, 41, 56, 57, 58, 59, 60, 61, 75, 76, 77, 78, 79, 80, 81, 95, 96, 97, 98, 99, 100, 101, 116, 117, 118, 119, 120, 136, 137, 138, 139, 140
00621, 37, 38, 39, 40, 41, 55, 56, 57, 58, 59, 60, 61, 75, 76, 77, 78, 79, 80, 81, 95, 96, 97, 98, 99, 100, 101, 115, 116, 117, 118, 119, 120, 136, 137, 138, 139, 140, 158, 159
00622, 37, 38, 39, 40, 41, 55, 56, 57, 58, 59, 60, 61, 75, 76, 77, 78, 79, 80, 81, 95, 96, 97, 98, 99, 100, 101, 115, 116, 117, 118, 119, 120, 136, 137, 138, 139, 140, 158, 159
00623, 37, 38, 39, 40, 55, 56, 57, 58, 59, 60, 61, 75, 76, 77, 78, 79, 80, 81, 95, 96, 97, 98, 99, 100, 115, 116, 117, 118, 119, 120, 136, 137, 138, 139, 140, 157, 158, 159
00624, 37, 38, 39, 40, 55, 56, 57, 58, 59, 60, 61, 75, 76, 77, 78, 79, 80, 81, 95, 96, 97, 98, 99, 100, 115, 116, 117, 118, 119, 120, 136, 137, 138, 139, 140, 157, 158, 159
00625, 37, 38, 39, 55, 56, 57, 58, 59, 60, 75, 76, 77, 78, 79, 80, 95, 96, 97, 98, 99, 100, 115, 116, 117, 118, 119, 120, 135, 136, 137, 138, 139, 140, 156, 157, 158
00626, 37, 38, 39, 55, 56, 57, 58, 59, 60, 75, 76, 77, 78, 79, 80, 95, 96, 97, 98, 99, 100, 115, 116, 117, 118, 119, 120, 135, 136, 137, 138, 139, 140, 156, 157, 158
00627, 37, 38, 39, 55, 56, 57, 58, 59, 60, 74, 75, 76, 77, 78, 79, 80, 94, 95, 96, 97, 98, 99, 100, 114, 115, 116, 117, 118, 119, 120, 135, 136, 137, 138, 139, 156, 157, 158
00628, 37, 38, 39, 55, 56, 57, 58, 59, 60, 74, 75, 76, 77, 78, 79, 80, 94, 95, 96, 97, 98, 99, 100, 114, 115, 116, 117, 118, 119, 120, 135, 136, 137, 138, 139, 156, 157, 158
00629, 36, 37, 38, 54, 55, 56, 57, 58, 59, 74, 75, 76, 77, 78, 79, 80, 94, 95, 96, 97, 98, 99, 100, 114, 115, 116, 117, 118, 119, 120, 135, 136, 137, 138, 139, 155, 156, 157, 158
00630, 36, 37, 38, 54, 55, 56, 57, 58, 59, 74, 75, 76, 77, 78, 79, 80, 94, 95, 96, 97, 98, 99, 100, 114, 115, 116, 117, 118, 119, 120, 135, 136, 137, 138, 139, 155, 156, 157, 158
00631, 36, 37, 38, 54, 55, 56, 57, 58, 59, 74, 75, 76, 77, 78, 79, 94, 95, 96, 97, 98, 99, 114, 115, 116, 117, 118, 119, 134, 135, 136, 137, 138, 139, 155, 156, 157, 158
00632, 36, 37, 38, 54, 55, 56, 57, 58, 59, 74, 75, 76, 77, 78, 79, 94, 95, 96, 97, 98, 99, 114, 115, 116, 117, 118, 119, 134, 135, 136, 137, 138, 139, 155, 156, 157, 158
00633, 36, 37, 54, 55, 56, 57, 58, 74, 75, 76, 77, 78, 79, 93, 94, 95, 96, 97, 98, 99, 113, 114, 115, 116, 117, 118, 119, 134, 135, 136, 137, 138, 139, 155, 156, 157, 158
00634, 36, 37, 54, 55, 56, 57, 58, 74, 75, 76, 77, 78, 79, 93, 94, 95, 96, 97, 98, 99, 113, 114, 115, 116, 117, 118, 119, 134, 135, 136, 137, 138, 139, 155, 156, 157, 158
00635, 36, 37, 54, 55, 56, 57, 58, 73, 74, 75, 76, 77, 78, 79, 93, 94, 95, 96, 97, 98, 99, 113, 114, 115, 116, 117, 118, 119, 134, 135, 136, 137, 138, 154, 155, 156, 157, 158
00636, 36, 37, 54, 55, 56, 57, 58, 73, 74, 75, 76, 77, 78, 79, 93, 94, 95, 96, 97, 98, 99, 113, 114, 115, 116, 117, 118, 119, 134, 135, 136, 137, 138, 154, 155, 156, 157, 158
00637, 36, 37, 54, 55, 56, 57, 58, 73, 74, 75, 76, 77, 78, 93, 94, 95, 96, 97, 98, 99, 113, 114, 115, 116, 117, 118, 119, 133, 134, 135, 136, 137, 138, 154, 155, 156, 157
00638, 36, 37, 54, 55, 56, 57, 58, 73, 74, 75, 76, 77, 78, 93, 94, 95, 96, 97, 98, 99, 113, 114, 115, 116, 117, 118, 119, 133, 134, 135, 136, 137, 138, 154, 155, 156, 157
00639, 36, 54, 55, 56, 57, 58, 73, 74, 75, 76, 77, 78, 93, 94, 95, 96, 97, 98, 113, 114, 115, 116, 117, 118, 133, 134, 135, 136, 137, 138, 154, 155, 156, 157
00640, 36, 54, 55, 56, 57, 58, 73, 74, 75, 76, 77, 78, 93, 94, 95, 96, 97, 98, 113, 114, 115, 116, 117, 118, 133, 134, 135, 136, 137, 138, 154, 155, 156, 157
00641, 36, 53, 54, 55, 56, 57, 73, 74, 75, 76, 77, 78, 93, 94, 95, 96, 97, 98, 113, 114, 115, 116, 117, 118, 133, 134, 135, 136, 137, 138, 154, 155, 156, 157
00642, 36, 53, 54, 55, 56, 57, 73, 74, 75, 76, 77, 78, 93, 94, 95, 96, 97, 98, 113, 114, 115, 116, 117, 118, 133, 134, 135, 136, 137, 138, 154, 155, 156, 157
00643, 36, 53, 54, 55, 56, 57, 73, 74, 75, 76, 77, 78, 93, 94, 95, 96, 97, 98, 113, 114, 115, 116, 117, 118, 133, 134, 135, 136, 137, 138, 153, 154, 155, 156, 157
00644, 36, 53, 54, 55, 56, 57, 73, 74, 75, 76, 77, 78, 93, 94, 95, 96, 97, 98, 113, 114, 115, 116, 117, 118, 133, 134, 135, 136, 137, 138, 153, 154, 155, 156, 157
00645, 53, 54, 55, 56, 57, 73, 74, 75, 76, 77, 78, 92, 93, 94, 95, 96, 97, 98, 112, 113, 114, 115, 116, 117, 118, 133, 134, 135, 136, 137, 138, 153, 154, 155, 156, 157
00646, 53, 54, 55, 56, 57, 73, 74, 75, 76, 77, 78, 92, 93, 94, 95, 96, 97, 98, 112, 113, 114, 115, 116, 117, 118, 133, 134, 135, 136, 137, 138, 153, 154, 155, 156, 157
00647, 35, 36, 53, 54, 55, 56, 57, 72, 73, 74, 75, 76, 77, 78, 92, 93, 94, 95, 96, 97, 98, 112, 113, 114, 115, 116, 117, 118, 133, 134, 135, 136, 137, 153, 154, 155, 156, 157
00648, 35, 36, 53, 54, 55, 56, 57, 72, 73, 74, 75, 76, 77, 78, 92, 93, 94, 95, 96, 97, 98, 112, 113, 114, 115, 116, 117, 118, 133, 134, 135, 136, 137, 153, 154, 155, 156, 157
00649, 35, 36, 53, 54, 55, 56, 57, 72, 73, 74, 75, 76, 77, 78, 92, 93, 94, 95, 96, 97, 98, 112, 113, 114, 115, 116, 117, 118, 132, 133, 134, 135, 136, 137, 153, 154, 155, 156, 157
00650, 35, 36, 53, 54, 55, 56, 57, 72, 73, 74, 75, 76, 77, 78, 92, 93, 94, 95, 96, 97, 98, 112, 113, 114, 115, 116, 117, 118, 132, 133, 134, 135, 136, 137, 153, 154, 155, 156, 157
00651, 35, 36, 52, 53, 54, 55, 56, 57, 72, 73, 74, 75, 76, 77, 92, 93, 94, 95, 96, 97, 112, 113, 114, 115, 116, 117, 132, 133, 134, 135, 136, 137, 153, 154, 155, 156
00652, 35, 36, 52, 53, 54, 55, 56, 57, 72, 73, 74, 75, 76, 77, 92, 93, 94, 95, 96, 97, 112, 113, 114, 115, 116, 117, 132, 133, 134, 135, 136, 137, 153, 154, 155, 156
00653, 34, 35, 36, 52, 53, 54, 55, 56, 57, 72, 73, 74, 75, 76, 77, 92, 93, 94, 95, 96, 97, 112, 113, 114, 115, 116, 117, 132, 133, 134, 135, 136, 137, 153, 154, 155, 156
00654, 34, 35, 36, 52, 53, 54, 55, 56, 57, 72, 73, 74, 75, 76, 77, 92, 93, 94, 95, 96, 97, 112, 113, 114, 115, 116, 117, 132, 133, 134, 135, 136, 137, 153, 154, 155, 156
00655, 34, 35, 36, 52, 53, 54, 55, 56, 57, 72, 73, 74, 75, 76, 77, 92, 93, 94, 95, 96, 97, 112, 113, 114, 115, 116, 117, 132, 133, 134, 135, 136, 137, 153, 154, 155, 156
00656, 34, 35, 36, 52, 53, 54, 55, 56, 57, 72, 73, 74, 75, 76, 77, 92, 93, 94, 95, 96, 97, 112, 113, 114, 115, 116, 117, 132, 133, 134, 135, 136, 137, 153, 154, 155, 156
00657, 34, 35, 36, 52, 53, 54, 55, 56, 57, 71, 72, 73, 74, 75, 76, 77, 91, 92, 93, 94, 95, 96, 97, 112, 113, 114, 115, 116, 117, 132, 133, 134, 135, 136, 153, 154, 155
00658, 34, 35, 36, 52, 53, 54, 55, 56, 57, 71, 72, 73, 74, 75, 76, 77, 91, 92, 93, 94, 95, 96, 97, 112, 113, 114, 115, 116, 117, 132, 133, 134, 135, 136, 153, 154, 155
00659, 33, 34, 35, 36, 52, 53, 54, 55, 56, 57, 71, 72, 73, 74, 75, 76, 77, 91, 92, 93, 94, 95, 96, 97, 112, 113, 114, 115, 116, 117, 132, 133, 134, 135, 136, 153, 154, 155
00660, 33, 34, 35, 36, 52, 53, 54, 55, 56, 57, 71, 72, 73, 74, 75, 76, 77, 91, 92, 93, 94, 95, 96, 97, 112, 113, 114, 115, 116, 117, 132, 133, 134, 135, 136, 153, 154, 155
00661, 33, 34, 35, 36, 51, 52, 53, 54, 55, 56, 57, 71, 72, 73, 74, 75, 76, 77, 91, 92, 93, 94, 95, 96, 97, 112, 113, 114, 115, 116, 117, 132, 133, 134, 135, 136, 154, 155
00662, 33, 34, 35, 36, 51, 52, 53, 54, 55, 56, 57, 71, 72, 73, 74, 75, 76, 77, 91, 92, 93, 94, 95, 96, 97, 112, 113, 114, 115, 116, 117, 132, 133, 134, 135, 136, 154, 155
00663, 33, 34, 35, 36, 51, 52, 53, 54, 55, 56, 57, 71, 72, 73, 74, 75, 76, 77, 91, 92, 93, 94, 95, 96, 97, 111, 112, 113, 114, 115, 116, 117, 132, 133, 134, 135, 136
00664, 33, 34, 35, 36, 51, 52, 53, 54, 55, 56, 57, 71, 72, 73, 74, 75, 76, 77, 91, 92, 93, 94, 95, 96, 97, 111, 112, 113, 114, 115, 116, 117, 132, 133, 134, 135, 136
00665, 32, 33, 34, 35, 36, 51, 52, 53, 54, 55, 56, 57, 71, 72, 73, 74, 75, 76, 77, 91, 92, 93, 94, 95, 96, 97, 111, 112, 113, 114, 115, 116, 117, 132, 133, 134, 135, 136
00666, 32, 33, 34, 35, 36, 51, 52, 53, 54, 55, 56, 57, 71, 72, 73, 74, 75, 76, 77, 91, 92, 93, 94, 95, 96, 97, 111, 112, 113, 114, 115, 116, 117, 132, 133, 134, 135, 136
00667, 14, 15, 31, 32, 33, 34, 35, 36, 51, 52, 53, 54, 55, 56, 57, 71, 72, 73, 74, 75, 76, 77, 91, 92, 93, 94, 95, 96, 97, 111, 112, 113, 114, 115, 116, 132, 133, 134, 135
00668, 14, 15, 31, 32, 33, 34, 35, 36, 51, 52, 53, 54, 55, 56, 57, 71, 72, 73, 74, 75, 76, 77, 91, 92, 93, 94, 95, 96, 97, 111, 112, 113, 114, 115, 116, 132, 133, 134, 135
00669, 13, 14, 15, 31, 32, 33, 34, 35, 36, 51, 52, 53, 54, 55, 56, 57, 71, 72, 73, 74, 75, 76, 77, 91, 92, 93, 94, 95, 96, 97, 111, 112, 113, 114, 115, 116, 132, 133, 134, 135
00670, 13, 14, 15, 31, 32, 33, 34, 35, 36, 51, 52, 53, 54, 55, 56, 57, 71, 72, 73, 74, 75, 76, 77, 91, 92, 93, 94, 95, 96, 97, 111, 112, 113, 114, 115, 116, 132, 133, 134, 135
00671, 13, 14, 15, 31, 32, 33, 34, 35, 36, 51, 52, 53, 54, 55, 56, 57, 71, 72, 73, 74, 75, 76, 77, 91, 92, 93, 94, 95, 96, 97, 111, 112, 113, 114, 115, 116, 132, 133, 134, 135
00672, 13, 14, 15, 31, 32, 33, 34, 35, 36, 51, 52, 53, 54, 55, 56, 57, 71, 72, 73, 74, 75, 76, 77, 91, 92, 93, 94, 95, 96, 97, 111, 112, 113, 114, 115, 116, 132, 133, 134, 135
00673, 13, 14, 15, 31, 32, 33, 34, 35, 36, 50, 51, 52, 53, 54, 55, 56, 57, 70, 71, 72, 73, 74, 75, 76, 77, 91, 92, 93, 94, 95, 96, 111, 112, 113, 114, 115, 116, 132, 133, 134, 135
00674, 13, 14, 15, 31, 32, 33, 34, 35, 36, 50, 51, 52, 53, 54, 55, 56, 57, 70, 71, 72, 73, 74, 75, 76, 77, 91, 92, 93, 94, 95, 96, 111, 112, 113, 114, 115, 116, 132, 133, 134, 135
00675, 12, 13, 14, 15, 31, 32, 33, 34, 35, 36, 50, 51, 52, 53, 54, 55, 56, 70, 71, 72, 73, 74, 75, 76, 90, 91, 92, 93, 94, 95, 96, 111, 112, 113, 114, 115, 116, 132, 133, 134, 135
00676, 12, 13, 14, 15, 31, 32, 33, 34, 35, 36, 50, 51, 52, 53, 54, 55, 56, 70, 71, 72, 73, 74, 75, 76, 90, 91, 92, 93, 94, 95, 96, 111, 112, 113, 114, 115, 116, 132, 133, 134, 135
00677, 12, 13, 14, 15, 30, 31, 32, 33, 34, 35, 36, 50, 51, 52, 53, 54, 55, 56, 70, 71, 72, 73, 74, 75, 76, 90, 91, 92, 93, 94, 95, 96, 111, 112, 113, 114, 115, 116, 132, 133, 134, 135
00678, 12, 13, 14, 15, 30, 31, 32, 33, 34, 35, 36, 50, 51, 52, 53, 54, 55, 56, 70, 71, 72, 73, 74, 75, 76, 90, 91, 92, 93, 94, 95, 96, 111, 112, 113, 114, 115, 116, 132, 133, 134, 135
00679, 12, 13, 14, 15, 30, 31, 32, 33, 34, 35, 36, 50, 51, 52, 53, 54, 55, 56, 70, 71, 72, 73, 74, 75, 76, 90, 91, 92, 93, 94, 95, 96, 111, 112, 113, 114, 115, 116, 132, 133, 134
00680, 12, 13, 14, 15, 30, 31, 32, 33, 34, 35, 36, 50, 51, 52, 53, 54, 55, 56, 70, 71, 72, 73, 74, 75, 76, 90, 91, 92, 93, 94, 95, 96, 111, 112, 113, 114, 115, 116, 132, 133, 134
00681, 12, 13, 14, 15, 30, 31, 32, 33, 34, 35, 36, 50, 51, 52, 53, 54, 55, 56, 70, 71, 72, 73, 74, 75, 76, 90, 91, 92, 93, 94, 95, 96, 111, 112, 113, 114, 115, 132, 133, 134
00682, 12, 13, 14, 15, 30, 31, 32, 33, 34, 35, 36, 50, 51, 52, 53, 54, 55, 56, 70, 71, 72, 73, 74, 75, 76, 90, 91, 92, 93, 94, 95, 96, 111, 112, 113, 114, 115, 132, 133, 134
00683, 12, 13, 14, 15, 30, 31, 32, 33, 34, 35, 36, 50, 51, 52, 53, 54, 55, 56, 70, 71, 72, 73, 74, 75, 76, 90, 91, 92, 93, 94, 95, 96, 111, 112, 113, 114, 115, 132, 133, 134
00684, 12, 13, 14, 15, 30, 31, 32, 33, 34, 35, 36, 50, 51, 52, 53, 54, 55, 56, 70, 71, 72, 73, 74, 75, 76, 90, 91, 92, 93, 94, 95, 96, 111, 112, 113, 114, 115, 132, 133, 134
00685, 11, 12, 13, 14, 15, 30, 31, 32, 33, 34, 35, 36, 50, 51, 52, 53, 54, 55, 56, 70, 71, 72, 73, 74, 75, 76, 90, 91, 92, 93, 94, 95, 96, 111, 112, 113, 114, 115, 132, 133, 134
00686, 11, 12, 13, 14, 15, 30, 31, 32, 33, 34, 35, 36, 50, 51, 52, 53, 54, 55, 56, 70, 71, 72, 73, 74, 75, 76, 90, 91, 92, 93, 94, 95, 96, 111, 112, 113, 114, 115, 132, 133, 134
00687, 11, 12, 13, 14, 15, 30, 31, 32, 33, 34, 35, 36, 50, 51, 52, 53, 54, 55, 56, 70, 71, 72, 73, 74, 75, 76, 90, 91, 92, 93, 94, 95, 96, 110, 111, 112, 113, 114, 115, 132, 133, 134
00688, 11, 12, 13, 14, 15, 30, 31, 32, 33, 34, 35, 36, 50, 51, 52, 53, 54, 55, 56, 70, 71, 72, 73, 74, 75, 76, 90, 91, 92, 93, 94, 95, 96, 110, 111, 112, 113, 114, 115, 132, 133, 134
00689, 11, 12, 13, 14, 15, 30, 31, 32, 33, 34, 35, 36, 50, 51, 52, 53, 54, 55, 56, 70, 71, 72, 73, 74, 75, 76, 90, 91, 92, 93, 94, 95, 96, 110, 111, 112, 113, 114, 115, 132, 133, 134
00690, 11, 12, 13, 14, 15, 30, 31, 32, 33, 34, 35, 36, 50, 51, 52, 53, 54, 55, 56, 70, 71, 72, 73, 74, 75, 76, 90, 91, 92, 93, 94, 95, 96, 110, 111, 112, 113, 114, 115, 132, 133, 134
00691, 11, 12, 13, 14, 15, 30, 31, 32, 33, 34, 35, 36, 50, 51, 52, 53, 54, 55, 56, 70, 71, 72, 73, 74, 75, 76, 90, 91, 92, 93, 94, 95, 96, 110, 111, 112, 113, 114, 115, 132, 133, 134
00692, 11, 12, 13, 14, 15, 30, 31, 32, 33, 34, 35, 36, 50, 51, 52, 53, 54, 55, 56, 70, 71, 72, 73, 74, 75, 76, 90, 91, 92, 93, 94, 95, 96, 110, 111, 112, 113, 114, 115, 132, 133, 134
00693, 11, 12, 13, 14, 15, 30, 31, 32, 33, 34, 35, 36, 50, 51, 52, 53, 54, 55, 56, 70, 71, 72, 73, 74, 75, 76, 90, 91, 92, 93, 94, 95, 96, 110, 111, 112, 113, 114, 115, 132, 133, 134
00694, 11, 12, 13, 14, 15, 30, 31, 32, 33, 34, 35, 36, 50, 51, 52, 53, 54, 55, 56, 70, 71, 72, 73, 74, 75, 76, 90, 91, 92, 93, 94, 95, 96, 110, 111, 112, 113, 114, 115, 132, 133, 134
00695, 11, 12, 13, 14, 15, 30, 31, 32, 33, 34, 35, 36, 50, 51, 52, 53, 54, 55, 56, 70, 71, 72, 73, 74, 75, 76, 90, 91, 92, 93, 94, 95, 96, 110, 111, 112, 113, 114, 115, 132, 133, 134
00696, 11, 12, 13, 14, 15, 30, 31, 32, 33, 34, 35, 36, 50, 51, 52, 53, 54, 55, 56, 70, 71, 72, 73, 74, 75, 76, 90, 91, 92, 93, 94, 95, 96, 110, 111, 112, 113, 114, 115, 132, 133, 134
00697, 11, 12, 13, 14, 15, 30, 31, 32, 33, 34, 35, 36, 50, 51, 52, 53, 54, 55, 56, 70, 71, 72, 73, 74, 75, 76, 90, 91, 92, 93, 94, 95, 96, 110, 111, 112, 113, 114, 115, 132, 133, 134
00698, 11, 12, 13, 14, 15, 30, 31, 32, 33, 34, 35, 36, 50, 51, 52, 53, 54, 55, 56, 70, 71, 72, 73, 74, 75, 76, 90, 91, 92, 93, 94, 95, 96, 110, 111, 112, 113, 114, 115, 132, 133, 134
00699, 11, 12, 13, 14, 15, 30, 31, 32, 33, 34, 35, 36, 50, 51, 52, 53, 54, 55, 56, 70, 71, 72, 73, 74, 75, 76, 90, 91, 92, 93, 94, 95, 96, 110, 111, 112, 113, 114, 115, 132, 133, 134
00700, 11, 12, 13, 14, 15, 30, 31, 32, 33, 34, 35, 36, 50, 51, 52, 53, 54, 55, 56, 70, 71, 72, 73, 74, 75, 76, 90, 91, 92, 93, 94, 95, 96, 110, 111, 112, 113, 114, 115, 132, 133, 134
00701, 11, 12, 13, 14, 15, 30, 31, 32, 33, 34, 35, 36, 50, 51, 52, 53, 54, 55, 56, 70, 71, 72, 73, 74, 75, 76, 90, 91, 92, 93, 94, 95, 96, 110, 111, 112, 113, 114, 115, 132, 133, 134
00702, 11, 12, 13, 14, 15, 30, 31, 32, 33, 34, 35, 36, 50, 51, 52, 53, 54, 55, 56, 70, 71, 72, 73, 74, 75, 76, 90, 91, 92, 93, 94, 95, 96, 110, 111, 112, 113, 114, 115, 132, 133, 134
00703, 11, 12, 13, 14, 15, 30, 31, 32, 33, 34, 35, 36, 49, 50, 51, 52, 53, 54, 55, 56, 69, 70, 71, 72, 73, 74, 75, 76, 90, 91, 92, 93, 94, 95, 96, 110, 111, 112, 113, 114, 115, 132, 133, 134
00704, 11, 12, 13, 14, 15, 30, 31, 32, 33, 34, 35, 36, 49, 50, 51, 52, 53, 54, 55, 56, 69, 70, 71, 72, 73, 74, 75, 76, 90, 91, 92, 93, 94, 95, 96, 110, 111, 112, 113, 114, 115, 132, 133, 134
00705, 11, 12, 13, 14, 15, 16, 29, 30, 31, 32, 33, 34, 35, 36, 49, 50, 51, 52, 53, 54, 55, 56, 69, 70, 71, 72, 73, 74, 75, 76, 90, 91, 92, 93, 94, 95, 96, 110, 111, 112, 113, 114, 115, 132, 133, 134
00706, 11, 12, 13, 14, 15, 16, 29, 30, 31, 32, 33, 34, 35, 36, 49, 50, 51, 52, 53, 54, 55, 56, 69, 70, 71, 72, 73, 74, 75, 76, 90, 91, 92, 93, 94, 95, 96, 110, 111, 112, 113, 114, 115, 132, 133, 134
00707, 11, 12, 13, 14, 15, 16, 29, 30, 31, 32, 33, 34, 35, 36, 49, 50, 51, 52, 53, 54, 55, 56, 69, 70, 71, 72, 73, 74, 75, 76, 90, 91, 92, 93, 94, 95, 96, 110, 111, 112, 113, 114, 115, 132, 133, 134
00708, 11, 12, 13, 14, 15, 16, 29, 30, 31, 32, 33, 34, 35, 36, 49, 50, 51, 52, 53, 54, 55, 56, 69, 70, 71, 72, 73, 74, 75, 76, 90, 91, 92, 93, 94, 95, 96, 110, 111, 112, 113, 114, 115, 132, 133, 134
00709, 11, 12, 13, 14, 15, 16, 29, 30, 31, 32, 33, 34, 35, 36, 49, 50, 51, 52, 53, 54, 55, 56, 69, 70, 71, 72, 73, 74, 75, 76, 90, 91, 92, 93, 94, 95, 96, 110, 111, 112, 113, 114, 115, 132, 133, 134
00710, 11, 12, 13, 14, 15, 16, 29, 30, 31, 32, 33, 34, 35, 36, 49, 50, 51, 52, 53, 54, 55, 56, 69, 70, 71, 72, 73, 74, 75, 76, 90, 91, 92, 93, 94, 95, 96, 110, 111, 112, 113, 114, 115, 132, 133, 134
00711, 11, 12, 13, 14, 15, 16, 29, 30, 31, 32, 33, 34, 35, 36, 49, 50, 51, 52, 53, 54, 55, 56, 69, 70, 71, 72, 73, 74, 75, 76, 90, 91, 92, 93, 94, 95, 96, 110, 111, 112, 113, 114, 115, 132, 133, 134
00712, 11, 12, 13, 14, 15, 16, 29, 30, 31, 32, 33, 34, 35, 36, 49, 50, 51, 52, 53, 54, 55, 56, 69, 70, 71, 72, 73, 74, 75, 76, 90, 91, 92, 93, 94, 95, 96, 110, 111, 112, 113, 114, 115, 132, 133, 134
00713, 11, 12, 13, 14, 15, 16, 29, 30, 31, 32, 33, 34, 35, 36, 49, 50, 51, 52, 53, 54, 55, 56, 69, 70, 71, 72, 73, 74, 75, 76, 90, 91, 92, 93, 94, 95, 96, 110, 111, 112, 113, 114, 115, 132, 133, 134
00714, 11, 12, 13, 14, 15, 16, 29, 30, 31, 32, 33, 34, 35, 36, 49, 50, 51, 52, 53, 54, 55, 56, 69, 70, 71, 72, 73, 74, 75, 76, 90, 91, 92, 93, 94, 95, 96, 110, 111, 112, 113, 114, 115, 132, 133, 134
00715, 11, 12, 13, 14, 15, 16, 29, 30, 31, 32, 33, 34, 35, 36, 49, 50, 51, 52, 53, 54, 55, 56, 69, 70, 71, 72, 73, 74, 75, 76, 90, 91, 92, 93, 94, 95, 96, 110, 111, 112, 113, 114, 115, 132, 133
00716, 11, 12, 13, 14, 15, 16, 29, 30, 31, 32, 33, 34, 35, 36, 49, 50, 51, 52, 53, 54, 55, 56, 69, 70, 71, 72, 73, 74, 75, 76, 90, 91, 92, 93, 94, 95, 96, 110, 111, 112, 113, 114, 115, 132, 133
00717, 11, 12, 13, 14, 15, 16, 29, 30, 31, 32, 33, 34, 35, 36, 49, 50, 51, 52, 53, 54, 55, 56, 69, 70, 71, 72, 73, 74, 75, 76, 90, 91, 92, 93, 94, 95, 96, 110, 111, 112, 113, 114, 115, 132, 133
00718, 11, 12, 13, 14, 15, 16, 29, 30, 31, 32, 33, 34, 35, 36, 49, 50, 51, 52, 53, 54, 55, 56, 69, 70, 71, 72, 73, 74, 75, 76, 90, 91, 92, 93, 94, 95, 96, 110, 111, 112, 113, 114, 115, 132, 133
00719, 11, 12, 13, 14, 15, 16, 29, 30, 31, 32, 33, 34, 35, 36, 49, 50, 51, 52, 53, 54, 55, 56, 69, 70, 71, 72, 73, 74, 75, 76, 90, 91, 92, 93, 94, 95, 96, 110, 111, 112, 113, 114, 115, 132, 133
00720, 11, 12, 13, 14, 15, 16, 29, 30, 31, 32, 33, 34, 35, 36, 49, 50, 51, 52, 53, 54, 55, 56, 69, 70, 71, 72, 73, 74, 75, 76, 90, 91, 92, 93, 94, 95, 96, 110, 111, 112, 113, 114, 115, 132, 133
00721, 11, 12, 13, 14, 15, 16, 29, 30, 31, 32, 33, 34, 35, 36, 49, 50, 51, 52, 53, 54, 55, 56, 69, 70, 71, 72, 73, 74, 75, 76, 90, 91, 92, 93, 94, 95, 96, 110, 111, 112, 113, 114, 115, 132, 133
00722, 11, 12, 13, 14, 15, 16, 29, 30, 31, 32, 33, 34, 35, 36, 49, 50, 51, 52, 53, 54, 55, 56, 69, 70, 71, 72, 73, 74, 75, 76, 90, 91, 92, 93, 94, 95, 96, 110, 111, 112, 113, 114, 115, 132, 133
00723, 11, 12, 13, 14, 15, 16, 29, 30, 31, 32, 33, 34, 35, 36, 49, 50, 51, 52, 53, 54, 55, 56, 69, 70, 71, 72, 73, 74, 75, 76, 90, 91, 92, 93, 94, 95, 96, 110, 111, 112, 113, 114, 115, 132, 133
00724, 11, 12, 13, 14, 15, 16, 29, 30, 31, 32, 33, 34, 35, 36, 49, 50, 51, 52, 53, 54, 55, 56, 69, 70, 71, 72, 73, 74, 75, 76, 90, 91, 92, 93, 94, 95, 96, 110, 111, 112, 113, 114, 115, 132, 133
00725, 11, 12, 13, 14, 15, 16, 29, 30, 31, 32, 33, 34, 35, 36, 49, 50, 51, 52, 53, 54, 55, 56, 69, 70, 71, 72, 73, 74, 75, 76, 90, 91, 92, 93, 94, 95, 96, 110, 111, 112, 113, 114, 115, 132, 133
00726, 11, 12, 13, 14, 15, 16, 29, 30, 31, 32, 33, 34, 35, 36, 49, 50, 51, 52, 53, 54, 55, 56, 69, 70, 71, 72, 73, 74, 75, 76, 90, 91, 92, 93, 94, 95, 96, 110, 111, 112, 113, 114, 115, 132, 133
00727, 11, 12, 13, 14, 15, 16, 29, 30, 31, 32, 33, 34, 35, 36, 49, 50, 51, 52, 53, 54, 55, 56, 69, 70, 71, 72, 73, 74, 75, 76, 90, 91, 92, 93, 94, 95, 96, 110, 111, 112, 113, 114, 115, 132, 133
00728, 11, 12, 13, 14, 15, 16, 29, 30, 31, 32, 33, 34, 35, 36, 49, 50, 51, 52, 53, 54, 55, 56, 69, 70, 71, 72, 73, 74, 75, 76, 90, 91, 92, 93, 94, 95, 96, 110, 111, 112, 113, 114, 115, 132, 133
00729, 10, 11, 12, 13, 14, 15, 16, 29, 30, 31, 32, 33, 34, 35, 36, 49, 50, 51, 52, 53, 54, 55, 56, 69, 70, 71, 72, 73, 74, 75, 76, 90, 91, 92, 93, 94, 95, 96, 111, 112, 113, 114, 115, 132, 133
00730, 10, 11, 12, 13, 14, 15, 16, 29, 30, 31, 32, 33, 34, 35, 36, 49, 50, 51, 52, 53, 54, 55, 56, 69, 70, 71, 72, 73, 74, 75, 76, 90, 91, 92, 93, 94, 95, 96, 111, 112, 113, 114, 115, 132, 133
00731, 10, 11, 12, 13, 14, 15, 16, 29, 30, 31, 32, 33, 34, 35, 36, 49, 50, 51, 52, 53, 54, 55, 56, 69, 70, 71, 72, 73, 74, 75, 76, 90, 91, 92, 93, 94, 95, 96, 111, 112, 113, 114, 115, 132, 133
00732, 10, 11, 12, 13, 14, 15, 16, 29, 30, 31, 32, 33, 34, 35, 36, 49, 50, 51, 52, 53, 54, 55, 56, 69, 70, 71, 72, 73, 74, 75, 76, 90, 91, 92, 93, 94, 95, 96, 111, 112, 113, 114, 115, 132, 133
00733, 10, 11, 12, 13, 14, 15, 16, 29, 30, 31, 32, 33, 34, 35, 36, 49, 50, 51, 52, 53, 54, 55, 56, 69, 70, 71, 72, 73, 74, 75, 76, 90, 91, 92, 93, 94, 95, 96, 111, 112, 113, 114, 115, 132, 133
00734, 10, 11, 12, 13, 14, 15, 16, 29, 30, 31, 32, 33, 34, 35, 36, 49, 50, 51, 52, 53, 54, 55, 56, 69, 70, 71, 72, 73, 74, 75, 76, 90, 91, 92, 93, 94, 95, 96, 111, 112, 113, 114, 115, 132, 133
00735, 10, 11, 12, 13, 14, 15, 16, 29, 30, 31, 32, 33, 34, 35, 36, 49, 50, 51, 52, 53, 54, 55, 56, 69, 70, 71, 72, 73, 74, 75, 76, 90, 91, 92, 93, 94, 95, 96, 111, 112, 113, 114, 115, 132, 133
00736, 10, 11, 12, 13, 14, 15, 16, 29, 30, 31, 32, 33, 34, 35, 36, 49, 50, 51, 52, 53, 54, 55, 56, 69, 70, 71, 72, 73, 74, 75, 76, 90, 91, 92, 93, 94, 95, 96, 111, 112, 113, 114, 115, 132, 133
00737, 10, 11, 12, 13, 14, 15, 16, 29, 30, 31, 32, 33, 34, 35, 36, 49, 50, 51, 52, 53, 54, 55, 56, 69, 70, 71, 72, 73, 74, 75, 76, 90, 91, 92, 93, 94, 95, 96, 111, 112, 113, 114, 115, 132, 133
00738, 10, 11, 12, 13, 14, 15, 16, 29, 30, 31, 32, 33, 34, 35, 36, 49, 50, 51, 52, 53, 54, 55, 56, 69, 70, 71, 72, 73, 74, 75, 76, 90, 91, 92, 93, 94, 95, 96, 111, 112, 113, 114, 115, 132, 133
00739, 10, 11, 12, 13, 14, 15, 16, 29, 30, 31, 32, 33, 34, 35, 36, 49, 50, 51, 52, 53, 54, 55, 56, 69, 70, 71, 72, 73, 74, 75, 76, 90, 91, 92, 93, 94, 95, 96, 111, 112, 113, 114, 115
00740, 10, 11, 12, 13, 14, 15, 16, 29, 30, 31, 32, 33, 34, 35, 36, 49, 50, 51, 52, 53, 54, 55, 56, 69, 70, 71, 72, 73, 74, 75, 76, 90, 91, 92, 93, 94, 95, 96, 111, 112, 113, 114, 115
00741, 10, 11, 12, 13, 14, 15, 16, 29, 30, 31, 32, 33, 34, 35, 36, 49, 50, 51, 52, 53, 54, 55, 56, 69, 70, 71, 72, 73, 74, 75, 76, 90, 91, 92, 93, 94, 95, 96, 111, 112, 113, 114, 115
00742, 10, 11, 12, 13, 14, 15, 16, 29, 30, 31, 32, 33, 34, 35, 36, 49, 50, 51, 52, 53, 54, 55, 56, 69, 70, 71, 72, 73, 74, 75, 76, 90, 91, 92, 93, 94, 95, 96, 111, 112, 113, 114, 115
00743, 10, 11, 12, 13, 14, 15, 16, 29, 30, 31, 32, 33, 34, 35, 36, 49, 50, 51, 52, 53, 54, 55, 56, 69, 70, 71, 72, 73, 74, 75, 76, 90, 91, 92, 93, 94, 95, 96, 111, 112, 113, 114, 115
00744, 10, 11, 12, 13, 14, 15, 16, 29, 30, 31, 32, 33, 34, 35, 36, 49, 50, 51, 52, 53, 54, 55, 56, 69, 70, 71, 72, 73, 74, 75, 76, 90, 91, 92, 93, 94, 95, 96, 111, 112, 113, 114, 115
00745, 10, 11, 12, 13, 14, 15, 16, 29, 30, 31, 32, 33, 34, 35, 36, 49, 50, 51, 52, 53, 54, 55, 56, 69, 70, 71, 72, 73, 74, 75, 76, 90, 91, 92, 93, 94, 95, 96, 111, 112, 113, 114, 115
00746, 10, 11, 12, 13, 14, 15, 16, 29, 30, 31, 32, 33, 34, 35, 36, 49, 50, 51, 52, 53, 54, 55, 56, 69, 70, 71, 72, 73, 74, 75, 76, 90, 91, 92, 93, 94, 95, 96, 111, 112, 113, 114, 115
00747, 10, 11, 12, 13, 14, 15, 16, 29, 30, 31, 32, 33, 34, 35, 36, 49, 50, 51, 52, 53, 54, 55, 56, 69, 70, 71, 72, 73, 74, 75, 76, 90, 91, 92, 93, 94, 95, 111, 112, 113, 114
00748, 10, 11, 12, 13, 14, 15, 16, 29, 30, 31, 32, 33, 34, 35, 36, 49, 50, 51, 52, 53, 54, 55, 56, 69, 70, 71, 72, 73, 74, 75, 76, 90, 91, 92, 93, 94, 95, 111, 112, 113, 114
00749, 10, 11, 12, 13, 14, 15, 16, 29, 30, 31, 32, 33, 34, 35, 36, 49, 50, 51, 52, 53, 54, 55, 56, 69, 70, 71, 72, 73, 74, 75, 76, 90, 91, 92, 93, 94, 95, 111, 112, 113, 114
00750, 10, 11, 12, 13, 14, 15, 16, 29, 30, 31, 32, 33, 34, 35, 36, 49, 50, 51, 52, 53, 54, 55, 56, 69, 70, 71, 72, 73, 74, 75, 76, 90, 91, 92, 93, 94, 95, 111, 112, 113, 114
00751, 10, 11, 12, 13, 14, 15, 16, 17, 29, 30, 31, 32, 33, 34, 35, 36, 49, 50, 51, 52, 53, 54, 55, 56, 69, 70, 71, 72, 73, 74, 75, 76, 90, 91, 92, 93, 94, 95, 111, 112, 113, 114
00752, 10, 11, 12, 13, 14, 15, 16, 17, 29, 30, 31, 32, 33, 34, 35, 36, 49, 50, 51, 52, 53, 54, 55, 56, 69, 70, 71, 72, 73, 74, 75, 76, 90, 91, 92, 93, 94, 95, 111, 112, 113, 114
00753, 9, 10, 11, 12, 13, 14, 15, 16, 17, 29, 30, 31, 32, 33, 34, 35, 36, 49, 50, 51, 52, 53, 54, 55, 56, 69, 70, 71, 72, 73, 74, 75, 76, 90, 91, 92, 93, 94, 95, 111, 112, 113, 114
00754, 9, 10, 11, 12, 13, 14, 15, 16, 17, 29, 30, 31, 32, 33, 34, 35, 36, 49, 50, 51, 52, 53, 54, 55, 56, 69, 70, 71, 72, 73, 74, 75, 76, 90, 91, 92, 93, 94, 95, 111, 112, 113, 114
00755, 9, 10, 11, 12, 13, 14, 15, 16, 17, 29, 30, 31, 32, 33, 34, 35, 36, 49, 50, 51, 52, 53, 54, 55, 56, 69, 70, 71, 72, 73, 74, 75, 76, 90, 91, 92, 93, 94, 95, 111, 112, 113, 114
00756, 9, 10, 11, 12, 13, 14, 15, 16, 17, 29, 30, 31, 32, 33, 34, 35, 36, 49, 50, 51, 52, 53, 54, 55, 56, 69, 70, 71, 72, 73, 74, 75, 76, 90, 91, 92, 93, 94, 95, 111, 112, 113, 114
00757, 9, 10, 11, 12, 13, 14, 15, 16, 17, 29, 30, 31, 32, 33, 34, 35, 36, 49, 50, 51, 52, 53, 54, 55, 56, 69, 70, 71, 72, 73, 74, 75, 76, 90, 91, 92, 93, 94, 95, 111, 112, 113, 114
00758, 9, 10, 11, 12, 13, 14, 15, 16, 17, 29, 30, 31, 32, 33, 34, 35, 36, 49, 50, 51, 52, 53, 54, 55, 56, 69, 70, 71, 72, 73, 74, 75, 76, 90, 91, 92, 93, 94, 95, 111, 112, 113, 114
00759, 9, 10, 11, 12, 13, 14, 15, 16, 17, 29, 30, 31, 32, 33, 34, 35, 36, 49, 50, 51, 52, 53, 54, 55, 56, 69, 70, 71, 72, 73, 74, 75, 76, 90, 91, 92, 93, 94, 95, 111, 112, 113, 114
00760, 9, 10, 11, 12, 13, 14, 15, 16, 17, 29, 30, 31, 32, 33, 34, 35, 36, 49, 50, 51, 52, 53, 54, 55, 56, 69, 70, 71, 72, 73, 74, 75, 76, 90, 91, 92, 93, 94, 95, 111, 112, 113, 114
00761, 10, 11, 12, 13, 14, 15, 16, 17, 29, 30, 31, 32, 33, 34, 35, 36, 49, 50, 51, 52, 53, 54, 55, 56, 69, 70, 71, 72, 73, 74, 75, 76, 90, 91, 92, 93, 94, 95, 96, 111, 112, 113, 114
00762, 10, 11, 12, 13, 14, 15, 16, 17, 29, 30, 31, 32, 33, 34, 35, 36, 49, 50, 51, 52, 53, 54, 55, 56, 69, 70, 71, 72, 73, 74, 75, 76, 90, 91, 92, 93, 94, 95, 96, 111, 112, 113, 114
00763, 10, 11, 12, 13, 14, 15, 16, 29, 30, 31, 32, 33, 34, 35, 36, 49, 50, 51, 52, 53, 54, 55, 56, 69, 70, 71, 72, 73, 74, 75, 76, 90, 91, 92, 93, 94, 95, 96, 111, 112, 113, 114, 115
00764, 10, 11, 12, 13, 14, 15, 16, 29, 30, 31, 32, 33, 34, 35, 36, 49, 50, 51, 52, 53, 54, 55, 56, 69, 70, 71, 72, 73, 74, 75, 76, 90, 91, 92, 93, 94, 95, 96, 111, 112, 113, 114, 115
00765, 10, 11, 12, 13, 14, 15, 16, 29, 30, 31, 32, 33, 34, 35, 36, 49, 50, 51, 52, 53, 54, 55, 56, 69, 70, 71, 72, 73, 74, 75, 76, 90, 91, 92, 93, 94, 95, 96, 111, 112, 113, 114, 115
00766, 10, 11, 12, 13, 14, 15, 16, 29, 30, 31, 32, 33, 34, 35, 36, 49, 50, 51, 52, 53, 54, 55, 56, 69, 70, 71, 72, 73, 74, 75, 76, 90, 91, 92, 93, 94, 95, 96, 111, 112, 113, 114, 115
00767, 10, 11, 12, 13, 14, 15, 16, 29, 30, 31, 32, 33, 34, 35, 36, 49, 50, 51, 52, 53, 54, 55, 56, 69, 70, 71, 72, 73, 74, 75, 76, 90, 91, 92, 93, 94, 95, 96, 111, 112, 113, 114, 115
00768, 10, 11, 12, 13, 14, 15, 16, 29, 30, 31, 32, 33, 34, 35, 36, 49, 50, 51, 52, 53, 54, 55, 56, 69, 70, 71, 72, 73, 74, 75, 76, 90, 91, 92, 93, 94, 95, 96, 111, 112, 113, 114, 115
00769, 10, 11, 12, 13, 14, 15, 16, 29, 30, 31, 32, 33, 34, 35, 36, 49, 50, 51, 52, 53, 54, 55, 56, 69, 70, 71, 72, 73, 74, 75, 76, 90, 91, 92, 93, 94, 95, 96, 111, 112, 113, 114, 115, 132, 133
00770, 10, 11, 12, 13, 14, 15, 16, 29, 30, 31, 32, 33, 34, 35, 36, 49, 50, 51, 52, 53, 54, 55, 56, 69, 70, 71, 72, 73, 74, 75, 76, 90, 91, 92, 93, 94, 95, 96, 111, 112, 113, 114, 115, 132, 133
00771, 10, 11, 12, 13, 14, 15, 16, 29, 30, 31, 32, 33, 34, 35, 36, 49, 50, 51, 52, 53, 54, 55, 56, 69, 70, 71, 72, 73, 74, 75, 76, 90, 91, 92, 93, 94, 95, 96, 111, 112, 113, 114, 115, 132, 133
00772, 10, 11, 12, 13, 14, 15, 16, 29, 30, 31, 32, 33, 34, 35, 36, 49, 50, 51, 52, 53, 54, 55, 56, 69, 70, 71, 72, 73, 74, 75, 76, 90, 91, 92, 93, 94, 95, 96, 111, 112, 113, 114, 115, 132, 133
00773, 10, 11, 12, 13, 14, 15, 16, 29, 30, 31, 32, 33, 34, 35, 36, 49, 50, 51, 52, 53, 54, 55, 56, 69, 70, 71, 72, 73, 74, 75, 76, 90, 91, 92, 93, 94, 95, 96, 111, 112, 113, 114, 115, 132, 133
00774, 10, 11, 12, 13, 14, 15, 16, 29, 30, 31, 32, 33, 34, 35, 36, 49, 50, 51, 52, 53, 54, 55, 56, 69, 70, 71, 72, 73, 74, 75, 76, 90, 91, 92, 93, 94, 95, 96, 111, 112, 113, 114, 115, 132, 133
00775, 10, 11, 12, 13, 14, 15, 16, 29, 30, 31, 32, 33, 34, 35, 36, 49, 50, 51, 52, 53, 54, 55, 56, 69, 70, 71, 72, 73, 74, 75, 76, 90, 91, 92, 93, 94, 95, 96, 111, 112, 113, 114, 115, 132, 133
00776, 10, 11, 12, 13, 14, 15, 16, 29, 30, 31, 32, 33, 34, 35, 36, 49, 50, 51, 52, 53, 54, 55, 56, 69, 70, 71, 72, 73, 74, 75, 76, 90, 91, 92, 93, 94, 95, 96, 111, 112, 113, 114, 115, 132, 133
00777, 10, 11, 12, 13, 14, 15, 16, 29, 30, 31, 32, 33, 34, 35, 36, 49, 50, 51, 52, 53, 54, 55, 56, 69, 70, 71, 72, 73, 74, 75, 76, 90, 91, 92, 93, 94, 95, 96, 111, 112, 113, 114, 115, 132, 133
00778, 10, 11, 12, 13, 14, 15, 16, 29, 30, 31, 32, 33, 34, 35, 36, 49, 50, 51, 52, 53, 54, 55, 56, 69, 70, 71, 72, 73, 74, 75, 76, 90, 91, 92, 93, 94, 95, 96, 111, 112, 113, 114, 115, 132, 133
00779, 10, 11, 12, 13, 14, 15, 16, 29, 30, 31, 32, 33, 34, 35, 36, 49, 50, 51, 52, 53, 54, 55, 56, 69, 70, 71, 72, 73, 74, 75, 76, 90, 91, 92, 93, 94, 95, 111, 112, 113, 114, 115, 132, 133
00780, 10, 11, 12, 13, 14, 15, 16, 29, 30, 31, 32, 33, 34, 35, 36, 49, 50, 51, 52, 53, 54, 55, 56, 69, 70, 71, 72, 73, 74, 75, 76, 90, 91, 92, 93, 94, 95, 111, 112, 113, 114, 115, 132, 133
00781, 10, 11, 12, 13, 14, 15, 16, 29, 30, 31, 32, 33, 34, 35, 36, 49, 50, 51, 52, 53, 54, 55, 56, 69, 70, 71, 72, 73, 74, 75, 76, 90, 91, 92, 93, 94, 95, 111, 112, 113, 114
00782, 10, 11, 12, 13, 14, 15, 16, 29, 30, 31, 32, 33, 34, 35, 36, 49, 50, 51, 52, 53, 54, 55, 56, 69, 70, 71, 72, 73, 74, 75, 76, 90, 91, 92, 93, 94, 95, 111, 112, 113, 114
00783, 10, 11, 12, 13, 14, 15, 16, 29, 30, 31, 32, 33, 34, 35, 36, 49, 50, 51, 52, 53, 54, 55, 56, 69, 70, 71, 72, 73, 74, 75, 76, 90, 91, 92, 93, 94, 95, 111, 112, 113, 114
00784, 10, 11, 12, 13, 14, 15, 16, 29, 30, 31, 32, 33, 34, 35, 36, 49, 50, 51, 52, 53, 54, 55, 56, 69, 70, 71, 72, 73, 74, 75, 76, 90, 91, 92, 93, 94, 95, 111, 112, 113, 114
00785, 9, 10, 11, 12, 13, 14, 15, 16, 29, 30, 31, 32, 33, 34, 35, 36, 49, 50, 51, 52, 53, 54, 55, 56, 69, 70, 71, 72, 73, 74, 75, 76, 90, 91, 92, 93, 94, 95, 111, 112, 113, 114
00786, 9, 10, 11, 12, 13, 14, 15, 16, 29, 30, 31, 32, 33, 34, 35, 36, 49, 50, 51, 52, 53, 54, 55, 56, 69, 70, 71, 72, 73, 74, 75, 76, 90, 91, 92, 93, 94, 95, 111, 112, 113, 114
00787, 9, 10, 11, 12, 13, 14, 15, 16, 17, 28, 29, 30, 31, 32, 33, 34, 35, 36, 49, 50, 51, 52, 53, 54, 55, 56, 69, 70, 71, 72, 73, 74, 75, 76, 89, 90, 91, 92, 93, 94, 95, 111, 112, 113, 114
00788, 9, 10, 11, 12, 13, 14, 15, 16, 17, 28, 29, 30, 31, 32, 33, 34, 35, 36, 49, 50, 51, 52, 53, 54, 55, 56, 69, 70, 71, 72, 73, 74, 75, 76, 89, 90, 91, 92, 93, 94, 95, 111, 112, 113, 114
00789, 9, 10, 11, 12, 13, 14, 15, 16, 17, 28, 29, 30, 31, 32, 33, 34, 35, 36, 49, 50, 51, 52, 53, 54, 55, 56, 69, 70, 71, 72, 73, 74, 75, 76, 89, 90, 91, 92, 93, 94, 95, 111, 112, 113, 114
00790, 9, 10, 11, 12, 13, 14, 15, 16, 17, 28, 29, 30, 31, 32, 33, 34, 35, 36, 49, 50, 51, 52, 53, 54, 55, 56, 69, 70, 71, 72, 73, 74, 75, 76, 89, 90, 91, 92, 93, 94, 95, 111, 112, 113, 114
00791, 9, 10, 11, 12, 13, 14, 15, 16, 28, 29, 30, 31, 32, 33, 34, 35, 36, 49, 50, 51, 52, 53, 54, 55, 56, 69, 70, 71, 72, 73, 74, 75, 76, 89, 90, 91, 92, 93, 94, 95, 110, 111, 112, 113, 114
00792, 9, 10, 11, 12, 13, 14, 15, 16, 28, 29, 30, 31, 32, 33, 34, 35, 36, 49, 50, 51, 52, 53, 54, 55, 56, 69, 70, 71, 72, 73, 74, 75, 76, 89, 90, 91, 92, 93, 94, 95, 110, 111, 112, 113, 114
00793, 9, 10, 11, 12, 13, 14, 15, 16, 28, 29, 30, 31, 32, 33, 34, 35, 36, 49, 50, 51, 52, 53, 54, 55, 56, 69, 70, 71, 72, 73, 74, 75, 76, 89, 90, 91, 92, 93, 94, 95, 110, 111, 112, 113, 114
00794, 9, 10, 11, 12, 13, 14, 15, 16, 28, 29, 30, 31, 32, 33, 34, 35, 36, 49, 50, 51, 52, 53, 54, 55, 56, 69, 70, 71, 72, 73, 74, 75, 76, 89, 90, 91, 92, 93, 94, 95, 110, 111, 112, 113, 114
00795, 9, 10, 11, 12, 13, 14, 15, 16, 28, 29, 30, 31, 32, 33, 34, 35, 36, 49, 50, 51, 52, 53, 54, 55, 56, 69, 70, 71, 72, 73, 74, 75, 76, 89, 90, 91, 92, 93, 94, 95, 110, 111, 112, 113, 114
00796, 9, 10, 11, 12, 13, 14, 15, 16, 28, 29, 30, 31, 32, 33, 34, 35, 36, 49, 50, 51, 52, 53, 54, 55, 56, 69, 70, 71, 72, 73, 74, 75, 76, 89, 90, 91, 92, 93, 94, 95, 110, 111, 112, 113, 114
00797, 9, 10, 11, 12, 13, 14, 15, 16, 28, 29, 30, 31, 32, 33, 34, 35, 36, 49, 50, 51, 52, 53, 54, 55, 56, 69, 70, 71, 72, 73, 74, 75, 76, 89, 90, 91, 92, 93, 94, 95, 110, 111, 112, 113, 114
00798, 9, 10, 11, 12, 13, 14, 15, 16, 28, 29, 30, 31, 32, 33, 34, 35, 36, 49, 50, 51, 52, 53, 54, 55, 56, 69, 70, 71, 72, 73, 74, 75, 76, 89, 90, 91, 92, 93, 94, 95, 110, 111, 112, 113, 114
00799, 9, 10, 11, 12, 13, 14, 15, 16, 28, 29, 30, 31, 32, 33, 34, 35, 36, 49, 50, 51, 52, 53, 54, 55, 56, 69, 70, 71, 72, 73, 74, 75, 76, 89, 90, 91, 92, 93, 94, 95, 110, 111, 112, 113, 114
00800, 9, 10, 11, 12, 13, 14, 15, 16, 28, 29, 30, 31, 32, 33, 34, 35, 36, 49, 50, 51, 52, 53, 54, 55, 56, 69, 70, 71, 72, 73, 74, 75, 76, 89, 90, 91, 92, 93, 94, 95, 110, 111, 112, 113, 114
00801, 9, 10, 11, 12, 13, 14, 15, 16, 28, 29, 30, 31, 32, 33, 34, 35, 36, 49, 50, 51, 52, 53, 54, 55, 56, 69, 70, 71, 72, 73, 74, 75, 76, 89, 90, 91, 92, 93, 94, 95, 110, 111, 112, 113, 114
00802, 9, 10, 11, 12, 13, 14, 15, 16, 28, 29, 30, 31, 32, 33, 34, 35, 36, 49, 50, 51, 52, 53, 54, 55, 56, 69, 70, 71, 72, 73, 74, 75, 76, 89, 90, 91, 92, 93, 94, 95, 110, 111, 112, 113, 114
00803, 9, 10, 11, 12, 13, 14, 15, 16, 28, 29, 30, 31, 32, 33, 34, 35, 36, 49, 50, 51, 52, 53, 54, 55, 56, 69, 70, 71, 72, 73, 74, 75, 76, 89, 90, 91, 92, 93, 94, 95, 110, 111, 112, 113, 114
00804, 9, 10, 11, 12, 13, 14, 15, 16, 28, 29, 30, 31, 32, 33, 34, 35, 36, 49, 50, 51, 52, 53, 54, 55, 56, 69, 70, 71, 72, 73, 74, 75, 76, 89, 90, 91, 92, 93, 94, 95, 110, 111, 112, 113, 114
00805, 8, 9, 10, 11, 12, 13, 14, 15, 16, 17, 28, 29, 30, 31, 32, 33, 34, 35, 36, 48, 49, 50, 51, 52, 53, 54, 55, 56, 69, 70, 71, 72, 73, 74, 75, 76, 89, 90, 91, 92, 93, 94, 95, 110, 111, 112, 113, 114
00806, 8, 9, 10, 11, 12, 13, 14, 15, 16, 17, 28, 29, 30, 31, 32, 33, 34, 35, 36, 48, 49, 50, 51, 52, 53, 54, 55, 56, 69, 70, 71, 72, 73, 74, 75, 76, 89, 90, 91, 92, 93, 94, 95, 110, 111, 112, 113, 114
00807, 2, 3, 4, 5, 6, 7, 8, 9, 10, 11, 12, 13, 14, 15, 16, 17, 18, 19, 20, 28, 29, 30, 31, 32, 33, 34, 35, 36, 48, 49, 50, 51, 52, 53, 54, 55, 56, 69, 70, 71, 72, 73, 74, 75, 76, 89, 90, 91, 92, 93, 94, 95, 110, 111, 112, 113, 114
00808, 2, 3, 4, 5, 6, 7, 8, 9, 10, 11, 12, 13, 14, 15, 16, 17, 18, 19, 20, 28, 29, 30, 31, 32, 33, 34, 35, 36, 48, 49, 50, 51, 52, 53, 54, 55, 56, 69, 70, 71, 72, 73, 74, 75, 76, 89, 90, 91, 92, 93, 94, 95, 110, 111, 112, 113, 114
00809, 2, 3, 4, 5, 6, 7, 8, 9, 10, 11, 12, 13, 14, 15, 16, 17, 18, 19, 20, 28, 29, 30, 31, 32, 33, 34, 35, 36, 48, 49, 50, 51, 52, 53, 54, 55, 56, 69, 70, 71, 72, 73, 74, 75, 76, 89, 90, 91, 92, 93, 94, 95, 110, 111, 112, 113, 114
00810, 2, 3, 4, 5, 6, 7, 8, 9, 10, 11, 12, 13, 14, 15, 16, 17, 18, 19, 20, 28, 29, 30, 31, 32, 33, 34, 35, 36, 48, 49, 50, 51, 52, 53, 54, 55, 56, 69, 70, 71, 72, 73, 74, 75, 76, 89, 90, 91, 92, 93, 94, 95, 110, 111, 112, 113, 114
00811, 2, 3, 4, 5, 6, 7, 8, 9, 10, 11, 12, 13, 14, 15, 16, 17, 18, 19, 20, 28, 29, 30, 31, 32, 33, 34, 35, 36, 37, 48, 49, 50, 51, 52, 53, 54, 55, 56, 69, 70, 71, 72, 73, 74, 75, 76, 89, 90, 91, 92, 93, 94, 95, 110, 111, 112, 113, 114
00812, 2, 3, 4, 5, 6, 7, 8, 9, 10, 11, 12, 13, 14, 15, 16, 17, 18, 19, 20, 28, 29, 30, 31, 32, 33, 34, 35, 36, 37, 48, 49, 50, 51, 52, 53, 54, 55, 56, 69, 70, 71, 72, 73, 74, 75, 76, 89, 90, 91, 92, 93, 94, 95, 110, 111, 112, 113, 114
00813, 2, 3, 4, 5, 6, 7, 8, 9, 10, 11, 12, 13, 14, 15, 16, 17, 18, 19, 20, 28, 29, 30, 31, 32, 33, 34, 35, 36, 37, 48, 49, 50, 51, 52, 53, 54, 55, 56, 69, 70, 71, 72, 73, 74, 75, 76, 89, 90, 91, 92, 93, 94, 95, 110, 111, 112, 113, 114
00814, 2, 3, 4, 5, 6, 7, 8, 9, 10, 11, 12, 13, 14, 15, 16, 17, 18, 19, 20, 28, 29, 30, 31, 32, 33, 34, 35, 36, 37, 48, 49, 50, 51, 52, 53, 54, 55, 56, 69, 70, 71, 72, 73, 74, 75, 76, 89, 90, 91, 92, 93, 94, 95, 110, 111, 112, 113, 114
00815, 2, 3, 4, 5, 6, 7, 8, 9, 10, 11, 12, 13, 14, 15, 16, 17, 18, 19, 20, 28, 29, 30, 31, 32, 33, 34, 35, 36, 37, 48, 49, 50, 51, 52, 53, 54, 55, 56, 69, 70, 71, 72, 73, 74, 75, 76, 89, 90, 91, 92, 93, 94, 95, 110, 111, 112, 113, 114
00816, 2, 3, 4, 5, 6, 7, 8, 9, 10, 11, 12, 13, 14, 15, 16, 17, 18, 19, 20, 28, 29, 30, 31, 32, 33, 34, 35, 36, 37, 48, 49, 50, 51, 52, 53, 54, 55, 56, 69, 70, 71, 72, 73, 74, 75, 76, 89, 90, 91, 92, 93, 94, 95, 110, 111, 112, 113, 114
00817, 2, 3, 4, 5, 6, 7, 8, 9, 10, 11, 12, 13, 14, 15, 16, 17, 18, 19, 20, 27, 28, 29, 30, 31, 32, 33, 34, 35, 36, 37, 48, 49, 50, 51, 52, 53, 54, 55, 56, 69, 70, 71, 72, 73, 74, 75, 76, 89, 90, 91, 92, 93, 94, 95, 110, 111, 112, 113, 114
00818, 2, 3, 4, 5, 6, 7, 8, 9, 10, 11, 12, 13, 14, 15, 16, 17, 18, 19, 20, 27, 28, 29, 30, 31, 32, 33, 34, 35, 36, 37, 48, 49, 50, 51, 52, 53, 54, 55, 56, 69, 70, 71, 72, 73, 74, 75, 76, 89, 90, 91, 92, 93, 94, 95, 110, 111, 112, 113, 114
00819, 2, 3, 4, 5, 6, 7, 8, 9, 10, 11, 12, 13, 14, 15, 16, 17, 18, 19, 20, 27, 28, 29, 30, 31, 32, 33, 34, 35, 36, 37, 48, 49, 50, 51, 52, 53, 54, 55, 56, 69, 70, 71, 72, 73, 74, 75, 76, 89, 90, 91, 92, 93, 94, 95, 111, 112, 113, 114
00820, 2, 3, 4, 5, 6, 7, 8, 9, 10, 11, 12, 13, 14, 15, 16, 17, 18, 19, 20, 27, 28, 29, 30, 31, 32, 33, 34, 35, 36, 37, 48, 49, 50, 51, 52, 53, 54, 55, 56, 69, 70, 71, 72, 73, 74, 75, 76, 89, 90, 91, 92, 93, 94, 95, 111, 112, 113, 114
00821, 2, 3, 4, 5, 6, 7, 8, 9, 10, 11, 12, 13, 14, 15, 16, 17, 18, 19, 20, 27, 28, 29, 30, 31, 32, 33, 34, 35, 36, 37, 48, 49, 50, 51, 52, 53, 54, 55, 56, 68, 69, 70, 71, 72, 73, 74, 75, 76, 89, 90, 91, 92, 93, 94, 95, 111, 112, 113, 114
00822, 2, 3, 4, 5, 6, 7, 8, 9, 10, 11, 12, 13, 14, 15, 16, 17, 18, 19, 20, 27, 28, 29, 30, 31, 32, 33, 34, 35, 36, 37, 48, 49, 50, 51, 52, 53, 54, 55, 56, 68, 69, 70, 71, 72, 73, 74, 75, 76, 89, 90, 91, 92, 93, 94, 95, 111, 112, 113, 114
00823, 2, 3, 4, 5, 6, 7, 8, 9, 10, 11, 12, 13, 14, 15, 16, 17, 18, 19, 20, 27, 28, 29, 30, 31, 32, 33, 34, 35, 36, 37, 48, 49, 50, 51, 52, 53, 54, 55, 56, 68, 69, 70, 71, 72, 73, 74, 75, 76, 89, 90, 91, 92, 93, 94, 95, 111, 112, 113, 114
00824, 2, 3, 4, 5, 6, 7, 8, 9, 10, 11, 12, 13, 14, 15, 16, 17, 18, 19, 20, 27, 28, 29, 30, 31, 32, 33, 34, 35, 36, 37, 48, 49, 50, 51, 52, 53, 54, 55, 56, 68, 69, 70, 71, 72, 73, 74, 75, 76, 89, 90, 91, 92, 93, 94, 95, 111, 112, 113, 114
00825, 2, 3, 4, 5, 6, 7, 8, 9, 10, 11, 12, 13, 14, 15, 16, 17, 18, 19, 20, 27, 28, 29, 30, 31, 32, 33, 34, 35, 36, 37, 48, 49, 50, 51, 52, 53, 54, 55, 56, 68, 69, 70, 71, 72, 73, 74, 75, 76, 89, 90, 91, 92, 93, 94, 95, 111, 112, 113, 114
00826, 2, 3, 4, 5, 6, 7, 8, 9, 10, 11, 12, 13, 14, 15, 16, 17, 18, 19, 20, 27, 28, 29, 30, 31, 32, 33, 34, 35, 36, 37, 48, 49, 50, 51, 52, 53, 54, 55, 56, 68, 69, 70, 71, 72, 73, 74, 75, 76, 89, 90, 91, 92, 93, 94, 95, 111, 112, 113, 114
00827, 2, 3, 4, 5, 6, 7, 8, 9, 10, 11, 12, 13, 14, 15, 16, 17, 18, 19, 20, 27, 28, 29, 30, 31, 32, 33, 34, 35, 36, 37, 48, 49, 50, 51, 52, 53, 54, 55, 56, 68, 69, 70, 71, 72, 73, 74, 75, 76, 89, 90, 91, 92, 93, 94, 95, 111, 112, 113, 114
00828, 2, 3, 4, 5, 6, 7, 8, 9, 10, 11, 12, 13, 14, 15, 16, 17, 18, 19, 20, 27, 28, 29, 30, 31, 32, 33, 34, 35, 36, 37, 48, 49, 50, 51, 52, 53, 54, 55, 56, 68, 69, 70, 71, 72, 73, 74, 75, 76, 89, 90, 91, 92, 93, 94, 95, 111, 112, 113, 114
00829, 2, 3, 4, 5, 6, 7, 8, 9, 10, 11, 12, 13, 14, 15, 16, 17, 18, 19, 20, 27, 28, 29, 30, 31, 32, 33, 34, 35, 36, 37, 48, 49, 50, 51, 52, 53, 54, 55, 56, 69, 70, 71, 72, 73, 74, 75, 76, 89, 90, 91, 92, 93, 94, 95, 111, 112, 113, 114
00830, 2, 3, 4, 5, 6, 7, 8, 9, 10, 11, 12, 13, 14, 15, 16, 17, 18, 19, 20, 27, 28, 29, 30, 31, 32, 33, 34, 35, 36, 37, 48, 49, 50, 51, 52, 53, 54, 55, 56, 69, 70, 71, 72, 73, 74, 75, 76, 89, 90, 91, 92, 93, 94, 95, 111, 112, 113, 114
00831, 2, 3, 4, 5, 6, 7, 8, 9, 10, 11, 12, 13, 14, 15, 16, 17, 18, 19, 20, 27, 28, 29, 30, 31, 32, 33, 34, 35, 36, 37, 48, 49, 50, 51, 52, 53, 54, 55, 56, 69, 70, 71, 72, 73, 74, 75, 76, 89, 90, 91, 92, 93, 94, 95, 111, 112, 113, 114
00832, 2, 3, 4, 5, 6, 7, 8, 9, 10, 11, 12, 13, 14, 15, 16, 17, 18, 19, 20, 27, 28, 29, 30, 31, 32, 33, 34, 35, 36, 37, 48, 49, 50, 51, 52, 53, 54, 55, 56, 69, 70, 71, 72, 73, 74, 75, 76, 89, 90, 91, 92, 93, 94, 95, 111, 112, 113, 114
00833, 2, 3, 4, 5, 6, 7, 8, 9, 10, 11, 12, 13, 14, 15, 16, 17, 18, 19, 20, 27, 28, 29, 30, 31, 32, 33, 34, 35, 36, 37, 48, 49, 50, 51, 52, 53, 54, 55, 56, 69, 70, 71, 72, 73, 74, 75, 76, 89, 90, 91, 92, 93, 94, 95, 111, 112, 113, 114
00834, 2, 3, 4, 5, 6, 7, 8, 9, 10, 11, 12, 13, 14, 15, 16, 17, 18, 19, 20, 27, 28, 29, 30, 31, 32, 33, 34, 35, 36, 37, 48, 49, 50, 51, 52, 53, 54, 55, 56, 69, 70, 71, 72, 73, 74, 75, 76, 89, 90, 91, 92, 93, 94, 95, 111, 112, 113, 114
00835, 2, 3, 4, 5, 6, 7, 8, 9, 10, 11, 12, 13, 14, 15, 16, 17, 18, 19, 20, 27, 28, 29, 30, 31, 32, 33, 34, 35, 36, 37, 48, 49, 50, 51, 52, 53, 54, 55, 56, 69, 70, 71, 72, 73, 74, 75, 76, 89, 90, 91, 92, 93, 94, 95, 111, 112, 113, 114
00836, 2, 3, 4, 5, 6, 7, 8, 9, 10, 11, 12, 13, 14, 15, 16, 17, 18, 19, 20, 27, 28, 29, 30, 31, 32, 33, 34, 35, 36, 37, 48, 49, 50, 51, 52, 53, 54, 55, 56, 69, 70, 71, 72, 73, 74, 75, 76, 89, 90, 91, 92, 93, 94, 95, 111, 112, 113, 114
00837, 2, 3, 4, 5, 6, 7, 8, 9, 10, 11, 12, 13, 14, 15, 16, 17, 18, 19, 20, 27, 28, 29, 30, 31, 32, 33, 34, 35, 36, 37, 48, 49, 50, 51, 52, 53, 54, 55, 56, 69, 70, 71, 72, 73, 74, 75, 76, 89, 90, 91, 92, 93, 94, 95, 111, 112, 113, 114
00838, 2, 3, 4, 5, 6, 7, 8, 9, 10, 11, 12, 13, 14, 15, 16, 17, 18, 19, 20, 27, 28, 29, 30, 31, 32, 33, 34, 35, 36, 37, 48, 49, 50, 51, 52, 53, 54, 55, 56, 69, 70, 71, 72, 73, 74, 75, 76, 89, 90, 91, 92, 93, 94, 95, 111, 112, 113, 114
00839, 2, 3, 4, 5, 6, 7, 8, 9, 10, 11, 12, 13, 14, 15, 16, 17, 18, 19, 20, 27, 28, 29, 30, 31, 32, 33, 34, 35, 36, 37, 48, 49, 50, 51, 52, 53, 54, 55, 56, 69, 70, 71, 72, 73, 74, 75, 76, 89, 90, 91, 92, 93, 94, 95, 111, 112, 113, 114
00840, 2, 3, 4, 5, 6, 7, 8, 9, 10, 11, 12, 13, 14, 15, 16, 17, 18, 19, 20, 27, 28, 29, 30, 31, 32, 33, 34, 35, 36, 37, 48, 49, 50, 51, 52, 53, 54, 55, 56, 69, 70, 71, 72, 73, 74, 75, 76, 89, 90, 91, 92, 93, 94, 95, 111, 112, 113, 114
00841, 2, 3, 4, 5, 6, 7, 8, 9, 10, 11, 12, 13, 14, 15, 16, 17, 18, 19, 20, 28, 29, 30, 31, 32, 33, 34, 35, 36, 37, 48, 49, 50, 51, 52, 53, 54, 55, 56, 69, 70, 71, 72, 73, 74, 75, 76, 89, 90, 91, 92, 93, 94, 95, 110, 111, 112, 113, 114
00842, 2, 3, 4, 5, 6, 7, 8, 9, 10, 11, 12, 13, 14, 15, 16, 17, 18, 19, 20, 28, 29, 30, 31, 32, 33, 34, 35, 36, 37, 48, 49, 50, 51, 52, 53, 54, 55, 56, 69, 70, 71, 72, 73, 74, 75, 76, 89, 90, 91, 92, 93, 94, 95, 110, 111, 112, 113, 114
00843, 9, 10, 11, 12, 13, 14, 15, 16, 28, 29, 30, 31, 32, 33, 34, 35, 36, 48, 49, 50, 51, 52, 53, 54, 55, 56, 69, 70, 71, 72, 73, 74, 75, 76, 89, 90, 91, 92, 93, 94, 95, 110, 111, 112, 113, 114
00844, 9, 10, 11, 12, 13, 14, 15, 16, 28, 29, 30, 31, 32, 33, 34, 35, 36, 48, 49, 50, 51, 52, 53, 54, 55, 56, 69, 70, 71, 72, 73, 74, 75, 76, 89, 90, 91, 92, 93, 94, 95, 110, 111, 112, 113, 114
00845, 10, 11, 12, 13, 14, 15, 16, 29, 30, 31, 32, 33, 34, 35, 36, 49, 50, 51, 52, 53, 54, 55, 56, 69, 70, 71, 72, 73, 74, 75, 89, 90, 91, 92, 93, 94, 95, 110, 111, 112, 113, 114, 132, 133
00846, 10, 11, 12, 13, 14, 15, 16, 29, 30, 31, 32, 33, 34, 35, 36, 49, 50, 51, 52, 53, 54, 55, 56, 69, 70, 71, 72, 73, 74, 75, 89, 90, 91, 92, 93, 94, 95, 110, 111, 112, 113, 114, 132, 133
00847, 10, 11, 12, 13, 14, 15, 29, 30, 31, 32, 33, 34, 35, 49, 50, 51, 52, 53, 54, 55, 69, 70, 71, 72, 73, 74, 75, 89, 90, 91, 92, 93, 94, 95, 110, 111, 112, 113, 114, 131, 132, 133
00848, 10, 11, 12, 13, 14, 15, 29, 30, 31, 32, 33, 34, 35, 49, 50, 51, 52, 53, 54, 55, 69, 70, 71, 72, 73, 74, 75, 89, 90, 91, 92, 93, 94, 95, 110, 111, 112, 113, 114, 131, 132, 133
00849, 11, 12, 13, 14, 29, 30, 31, 32, 33, 34, 35, 49, 50, 51, 52, 53, 54, 55, 69, 70, 71, 72, 73, 74, 75, 89, 90, 91, 92, 93, 94, 95, 110, 111, 112, 113, 114, 131, 132, 133
00850, 11, 12, 13, 14, 29, 30, 31, 32, 33, 34, 35, 49, 50, 51, 52, 53, 54, 55, 69, 70, 71, 72, 73, 74, 75, 89, 90, 91, 92, 93, 94, 95, 110, 111, 112, 113, 114, 131, 132, 133
00851, 12, 13, 29, 30, 31, 32, 33, 34, 35, 49, 50, 51, 52, 53, 54, 55, 69, 70, 71, 72, 73, 74, 75, 89, 90, 91, 92, 93, 94, 95, 110, 111, 112, 113, 114, 115, 130, 131, 132, 133, 134
00852, 12, 13, 29, 30, 31, 32, 33, 34, 35, 49, 50, 51, 52, 53, 54, 55, 69, 70, 71, 72, 73, 74, 75, 89, 90, 91, 92, 93, 94, 95, 110, 111, 112, 113, 114, 115, 130, 131, 132, 133, 134
00853, 31, 32, 33, 34, 49, 50, 51, 52, 53, 54, 55, 69, 70, 71, 72, 73, 74, 75, 89, 90, 91, 92, 93, 94, 95, 109, 110, 111, 112, 113, 114, 115, 130, 131, 132, 133, 134
00854, 31, 32, 33, 34, 49, 50, 51, 52, 53, 54, 55, 69, 70, 71, 72, 73, 74, 75, 89, 90, 91, 92, 93, 94, 95, 109, 110, 111, 112, 113, 114, 115, 130, 131, 132, 133, 134
00855, 31, 32, 33, 34, 49, 50, 51, 52, 53, 54, 55, 69, 70, 71, 72, 73, 74, 75, 89, 90, 91, 92, 93, 94, 95, 109, 110, 111, 112, 113, 114, 115, 130, 131, 132, 133, 134, 151, 152, 153
00856, 31, 32, 33, 34, 49, 50, 51, 52, 53, 54, 55, 69, 70, 71, 72, 73, 74, 75, 89, 90, 91, 92, 93, 94, 95, 109, 110, 111, 112, 113, 114, 115, 130, 131, 132, 133, 134, 151, 152, 153
00857, 31, 32, 33, 34, 50, 51, 52, 53, 54, 69, 70, 71, 72, 73, 74, 75, 89, 90, 91, 92, 93, 94, 95, 109, 110, 111, 112, 113, 114, 115, 130, 131, 132, 133, 134, 151, 152, 153
00858, 31, 32, 33, 34, 50, 51, 52, 53, 54, 69, 70, 71, 72, 73, 74, 75, 89, 90, 91, 92, 93, 94, 95, 109, 110, 111, 112, 113, 114, 115, 130, 131, 132, 133, 134, 151, 152, 153
00859, 32, 33, 50, 51, 52, 53, 54, 69, 70, 71, 72, 73, 74, 75, 89, 90, 91, 92, 93, 94, 95, 109, 110, 111, 112, 113, 114, 115, 130, 131, 132, 133, 134, 150, 151, 152, 153, 154
00860, 32, 33, 50, 51, 52, 53, 54, 69, 70, 71, 72, 73, 74, 75, 89, 90, 91, 92, 93, 94, 95, 109, 110, 111, 112, 113, 114, 115, 130, 131, 132, 133, 134, 150, 151, 152, 153, 154
00861, 51, 52, 53, 54, 70, 71, 72, 73, 74, 75, 89, 90, 91, 92, 93, 94, 95, 109, 110, 111, 112, 113, 114, 115, 130, 131, 132, 133, 134, 135, 150, 151, 152, 153, 154
00862, 51, 52, 53, 54, 70, 71, 72, 73, 74, 75, 89, 90, 91, 92, 93, 94, 95, 109, 110, 111, 112, 113, 114, 115, 130, 131, 132, 133, 134, 135, 150, 151, 152, 153, 154
00863, 52, 53, 54, 70, 71, 72, 73, 74, 75, 89, 90, 91, 92, 93, 94, 95, 109, 110, 111, 112, 113, 114, 115, 129, 130, 131, 132, 133, 134, 135, 150, 151, 152, 153, 154, 171, 172, 173
00864, 52, 53, 54, 70, 71, 72, 73, 74, 75, 89, 90, 91, 92, 93, 94, 95, 109, 110, 111, 112, 113, 114, 115, 129, 130, 131, 132, 133, 134, 135, 150, 151, 152, 153, 154, 171, 172, 173
00865, 52, 53, 70, 71, 72, 73, 74, 89, 90, 91, 92, 93, 94, 95, 109, 110, 111, 112, 113, 114, 115, 129, 130, 131, 132, 133, 134, 135, 150, 151, 152, 153, 154, 155, 170, 171, 172, 173, 174
00866, 52, 53, 70, 71, 72, 73, 74, 89, 90, 91, 92, 93, 94, 95, 109, 110, 111, 112, 113, 114, 115, 129, 130, 131, 132, 133, 134, 135, 150, 151, 152, 153, 154, 155, 170, 171, 172, 173, 174
00867, 52, 53, 70, 71, 72, 73, 74, 89, 90, 91, 92, 93, 94, 95, 109, 110, 111, 112, 113, 114, 115, 129, 130, 131, 132, 133, 134, 135, 149, 150, 151, 152, 153, 154, 155, 170, 171, 172, 173, 174
00868, 52, 53, 70, 71, 72, 73, 74, 89, 90, 91, 92, 93, 94, 95, 109, 110, 111, 112, 113, 114, 115, 129, 130, 131, 132, 133, 134, 135, 149, 150, 151, 152, 153, 154, 155, 170, 171, 172, 173, 174
00869, 71, 72, 73, 74, 89, 90, 91, 92, 93, 94, 95, 109, 110, 111, 112, 113, 114, 115, 129, 130, 131, 132, 133, 134, 135, 149, 150, 151, 152, 153, 154, 155, 170, 171, 172, 173, 174
00870, 71, 72, 73, 74, 89, 90, 91, 92, 93, 94, 95, 109, 110, 111, 112, 113, 114, 115, 129, 130, 131, 132, 133, 134, 135, 149, 150, 151, 152, 153, 154, 155, 170, 171, 172, 173, 174
00871, 71, 72, 73, 74, 89, 90, 91, 92, 93, 94, 95, 109, 110, 111, 112, 113, 114, 115, 129, 130, 131, 132, 133, 134, 135, 149, 150, 151, 152, 153, 154, 155, 170, 171, 172, 173, 174, 175, 192
00872, 71, 72, 73, 74, 89, 90, 91, 92, 93, 94, 95, 109, 110, 111, 112, 113, 114, 115, 129, 130, 131, 132, 133, 134, 135, 149, 150, 151, 152, 153, 154, 155, 170, 171, 172, 173, 174, 175, 192
00873, 71, 72, 73, 74, 89, 90, 91, 92, 93, 94, 95, 109, 110, 111, 112, 113, 114, 115, 129, 130, 131, 132, 133, 134, 135, 149, 150, 151, 152, 153, 154, 155, 169, 170, 171, 172, 173, 174, 175, 191, 192, 193
00874, 71, 72, 73, 74, 89, 90, 91, 92, 93, 94, 95, 109, 110, 111, 112, 113, 114, 115, 129, 130, 131, 132, 133, 134, 135, 149, 150, 151, 152, 153, 154, 155, 169, 170, 171, 172, 173, 174, 175, 191, 192, 193
00875, 71, 72, 73, 74, 89, 90, 91, 92, 93, 94, 95, 109, 110, 111, 112, 113, 114, 115, 129, 130, 131, 132, 133, 134, 135, 149, 150, 151, 152, 153, 154, 155, 169, 170, 171, 172, 173, 174, 175, 191, 192, 193
00876, 71, 72, 73, 74, 89, 90, 91, 92, 93, 94, 95, 109, 110, 111, 112, 113, 114, 115, 129, 130, 131, 132, 133, 134, 135, 149, 150, 151, 152, 153, 154, 155, 169, 170, 171, 172, 173, 174, 175, 191, 192, 193
00877, 71, 72, 73, 74, 89, 90, 91, 92, 93, 94, 95, 109, 110, 111, 112, 113, 114, 115, 129, 130, 131, 132, 133, 134, 135, 149, 150, 151, 152, 153, 154, 155, 170, 171, 172, 173, 174
00878, 71, 72, 73, 74, 89, 90, 91, 92, 93, 94, 95, 109, 110, 111, 112, 113, 114, 115, 129, 130, 131, 132, 133, 134, 135, 149, 150, 151, 152, 153, 154, 155, 170, 171, 172, 173, 174
00879, 70, 71, 72, 73, 74, 89, 90, 91, 92, 93, 94, 95, 109, 110, 111, 112, 113, 114, 115, 129, 130, 131, 132, 133, 134, 135, 149, 150, 151, 152, 153, 154, 155, 170, 171, 172, 173, 174
00880, 70, 71, 72, 73, 74, 89, 90, 91, 92, 93, 94, 95, 109, 110, 111, 112, 113, 114, 115, 129, 130, 131, 132, 133, 134, 135, 149, 150, 151, 152, 153, 154, 155, 170, 171, 172, 173, 174
00881, 52, 53, 70, 71, 72, 73, 74, 89, 90, 91, 92, 93, 94, 95, 109, 110, 111, 112, 113, 114, 115, 129, 130, 131, 132, 133, 134, 135, 149, 150, 151, 152, 153, 154, 155, 170, 171, 172, 173, 174
00882, 52, 53, 70, 71, 72, 73, 74, 89, 90, 91, 92, 93, 94, 95, 109, 110, 111, 112, 113, 114, 115, 129, 130, 131, 132, 133, 134, 135, 149, 150, 151, 152, 153, 154, 155, 170, 171, 172, 173, 174
00883, 52, 53, 70, 71, 72, 73, 74, 89, 90, 91, 92, 93, 94, 95, 109, 110, 111, 112, 113, 114, 115, 129, 130, 131, 132, 133, 134, 135, 150, 151, 152, 153, 154, 171, 172, 173
00884, 52, 53, 70, 71, 72, 73, 74, 89, 90, 91, 92, 93, 94, 95, 109, 110, 111, 112, 113, 114, 115, 129, 130, 131, 132, 133, 134, 135, 150, 151, 152, 153, 154, 171, 172, 173
00885, 51, 52, 53, 54, 69, 70, 71, 72, 73, 74, 89, 90, 91, 92, 93, 94, 95, 109, 110, 111, 112, 113, 114, 115, 129, 130, 131, 132, 133, 134, 135, 150, 151, 152, 153, 154
00886, 51, 52, 53, 54, 69, 70, 71, 72, 73, 74, 89, 90, 91, 92, 93, 94, 95, 109, 110, 111, 112, 113, 114, 115, 129, 130, 131, 132, 133, 134, 135, 150, 151, 152, 153, 154
00887, 32, 33, 50, 51, 52, 53, 54, 69, 70, 71, 72, 73, 74, 75, 89, 90, 91, 92, 93, 94, 95, 109, 110, 111, 112, 113, 114, 115, 130, 131, 132, 133, 134, 150, 151, 152, 153, 154
00888, 32, 33, 50, 51, 52, 53, 54, 69, 70, 71, 72, 73, 74, 75, 89, 90, 91, 92, 93, 94, 95, 109, 110, 111, 112, 113, 114, 115, 130, 131, 132, 133, 134, 150, 151, 152, 153, 154
00889, 31, 32, 33, 34, 49, 50, 51, 52, 53, 54, 69, 70, 71, 72, 73, 74, 75, 89, 90, 91, 92, 93, 94, 95, 109, 110, 111, 112, 113, 114, 115, 130, 131, 132, 133, 134, 151, 152, 153
00890, 31, 32, 33, 34, 49, 50, 51, 52, 53, 54, 69, 70, 71, 72, 73, 74, 75, 89, 90, 91, 92, 93, 94, 95, 109, 110, 111, 112, 113, 114, 115, 130, 131, 132, 133, 134, 151, 152, 153
00891, 31, 32, 33, 34, 49, 50, 51, 52, 53, 54, 55, 69, 70, 71, 72, 73, 74, 75, 89, 90, 91, 92, 93, 94, 95, 109, 110, 111, 112, 113, 114, 115, 130, 131, 132, 133, 134
00892, 31, 32, 33, 34, 49, 50, 51, 52, 53, 54, 55, 69, 70, 71, 72, 73, 74, 75, 89, 90, 91, 92, 93, 94, 95, 109, 110, 111, 112, 113, 114, 115, 130, 131, 132, 133, 134
00893, 12, 13, 29, 30, 31, 32, 33, 34, 35, 49, 50, 51, 52, 53, 54, 55, 69, 70, 71, 72, 73, 74, 75, 89, 90, 91, 92, 93, 94, 95, 109, 110, 111, 112, 113, 114, 130, 131, 132, 133
00894, 12, 13, 29, 30, 31, 32, 33, 34, 35, 49, 50, 51, 52, 53, 54, 55, 69, 70, 71, 72, 73, 74, 75, 89, 90, 91, 92, 93, 94, 95, 109, 110, 111, 112, 113, 114, 130, 131, 132, 133
00895, 11, 12, 13, 14, 29, 30, 31, 32, 33, 34, 35, 49, 50, 51, 52, 53, 54, 55, 69, 70, 71, 72, 73, 74, 75, 89, 90, 91, 92, 93, 94, 95, 109, 110, 111, 112, 113, 114, 131, 132, 133
00896, 11, 12, 13, 14, 29, 30, 31, 32, 33, 34, 35, 49, 50, 51, 52, 53, 54, 55, 69, 70, 71, 72, 73, 74, 75, 89, 90, 91, 92, 93, 94, 95, 109, 110, 111, 112, 113, 114, 131, 132, 133
00897, 11, 12, 13, 14, 29, 30, 31, 32, 33, 34, 35, 49, 50, 51, 52, 53, 54, 55, 69, 70, 71, 72, 73, 74, 75, 89, 90, 91, 92, 93, 94, 95, 110, 111, 112, 113, 114, 131, 132, 133
00898, 11, 12, 13, 14, 29, 30, 31, 32, 33, 34, 35, 49, 50, 51, 52, 53, 54, 55, 69, 70, 71, 72, 73, 74, 75, 89, 90, 91, 92, 93, 94, 95, 110, 111, 112, 113, 114, 131, 132, 133
00899, 11, 12, 13, 14, 29, 30, 31, 32, 33, 34, 35, 49, 50, 51, 52, 53, 54, 55, 69, 70, 71, 72, 73, 74, 75, 89, 90, 91, 92, 93, 94, 95, 110, 111, 112, 113, 114, 131, 132, 133
00900, 11, 12, 13, 14, 29, 30, 31, 32, 33, 34, 35, 49, 50, 51, 52, 53, 54, 55, 69, 70, 71, 72, 73, 74, 75, 89, 90, 91, 92, 93, 94, 95, 110, 111, 112, 113, 114, 131, 132, 133
00901, 31, 32, 33, 34, 49, 50, 51, 52, 53, 54, 55, 69, 70, 71, 72, 73, 74, 75, 89, 90, 91, 92, 93, 94, 95, 109, 110, 111, 112, 113, 114, 115, 130, 131, 132, 133, 134, 151, 152
00902, 31, 32, 33, 34, 49, 50, 51, 52, 53, 54, 55, 69, 70, 71, 72, 73, 74, 75, 89, 90, 91, 92, 93, 94, 95, 109, 110, 111, 112, 113, 114, 115, 130, 131, 132, 133, 134, 151, 152
00903, 32, 33, 50, 51, 52, 53, 54, 69, 70, 71, 72, 73, 74, 75, 89, 90, 91, 92, 93, 94, 95, 109, 110, 111, 112, 113, 114, 115, 129, 130, 131, 132, 133, 134, 150, 151, 152, 153
00904, 32, 33, 50, 51, 52, 53, 54, 69, 70, 71, 72, 73, 74, 75, 89, 90, 91, 92, 93, 94, 95, 109, 110, 111, 112, 113, 114, 115, 129, 130, 131, 132, 133, 134, 150, 151, 152, 153
00905, 51, 52, 53, 69, 70, 71, 72, 73, 74, 89, 90, 91, 92, 93, 94, 95, 109, 110, 111, 112, 113, 114, 115, 129, 130, 131, 132, 133, 134, 135, 150, 151, 152, 153, 154, 171, 172, 173
00906, 51, 52, 53, 69, 70, 71, 72, 73, 74, 89, 90, 91, 92, 93, 94, 95, 109, 110, 111, 112, 113, 114, 115, 129, 130, 131, 132, 133, 134, 135, 150, 151, 152, 153, 154, 171, 172, 173
00907, 52, 53, 70, 71, 72, 73, 74, 89, 90, 91, 92, 93, 94, 109, 110, 111, 112, 113, 114, 115, 129, 130, 131, 132, 133, 134, 135, 149, 150, 151, 152, 153, 154, 170, 171, 172, 173, 174
00908, 52, 53, 70, 71, 72, 73, 74, 89, 90, 91, 92, 93, 94, 109, 110, 111, 112, 113, 114, 115, 129, 130, 131, 132, 133, 134, 135, 149, 150, 151, 152, 153, 154, 170, 171, 172, 173, 174
00909, 52, 70, 71, 72, 73, 74, 89, 90, 91, 92, 93, 94, 109, 110, 111, 112, 113, 114, 115, 129, 130, 131, 132, 133, 134, 135, 149, 150, 151, 152, 153, 154, 170, 171, 172, 173, 174
00910, 52, 70, 71, 72, 73, 74, 89, 90, 91, 92, 93, 94, 109, 110, 111, 112, 113, 114, 115, 129, 130, 131, 132, 133, 134, 135, 149, 150, 151, 152, 153, 154, 170, 171, 172, 173, 174
00911, 71, 72, 73, 89, 90, 91, 92, 93, 94, 109, 110, 111, 112, 113, 114, 115, 129, 130, 131, 132, 133, 134, 135, 149, 150, 151, 152, 153, 154, 155, 169, 170, 171, 172, 173, 174
00912, 71, 72, 73, 89, 90, 91, 92, 93, 94, 109, 110, 111, 112, 113, 114, 115, 129, 130, 131, 132, 133, 134, 135, 149, 150, 151, 152, 153, 154, 155, 169, 170, 171, 172, 173, 174
00913, 71, 72, 73, 89, 90, 91, 92, 93, 94, 109, 110, 111, 112, 113, 114, 115, 129, 130, 131, 132, 133, 134, 135, 149, 150, 151, 152, 153, 154, 155, 169, 170, 171, 172, 173, 174, 175, 190, 191, 192, 193
00914, 71, 72, 73, 89, 90, 91, 92, 93, 94, 109, 110, 111, 112, 113, 114, 115, 129, 130, 131, 132, 133, 134, 135, 149, 150, 151, 152, 153, 154, 155, 169, 170, 171, 172, 173, 174, 175, 190, 191, 192, 193
00915, 72, 73, 89, 90, 91, 92, 93, 94, 109, 110, 111, 112, 113, 114, 115, 129, 130, 131, 132, 133, 134, 135, 149, 150, 151, 152, 153, 154, 155, 169, 170, 171, 172, 173, 174, 175, 190, 191, 192, 193, 194
00916, 72, 73, 89, 90, 91, 92, 93, 94, 109, 110, 111, 112, 113, 114, 115, 129, 130, 131, 132, 133, 134, 135, 149, 150, 151, 152, 153, 154, 155, 169, 170, 171, 172, 173, 174, 175, 190, 191, 192, 193, 194
00917, 72, 73, 90, 91, 92, 93, 94, 109, 110, 111, 112, 113, 114, 115, 129, 130, 131, 132, 133, 134, 135, 148, 149, 150, 151, 152, 153, 154, 155, 169, 170, 171, 172, 173, 174, 175, 189, 190, 191, 192, 193, 194, 195
00918, 72, 73, 90, 91, 92, 93, 94, 109, 110, 111, 112, 113, 114, 115, 129, 130, 131, 132, 133, 134, 135, 148, 149, 150, 151, 152, 153, 154, 155, 169, 170, 171, 172, 173, 174, 175, 189, 190, 191, 192, 193, 194, 195
00919, 72, 90, 91, 92, 93, 94, 109, 110, 111, 112, 113, 114, 115, 128, 129, 130, 131, 132, 133, 134, 135, 148, 149, 150, 151, 152, 153, 154, 155, 168, 169, 170, 171, 172, 173, 174, 175, 188, 189, 190, 191, 192, 193, 194, 195
00920, 72, 90, 91, 92, 93, 94, 109, 110, 111, 112, 113, 114, 115, 128, 129, 130, 131, 132, 133, 134, 135, 148, 149, 150, 151, 152, 153, 154, 155, 168, 169, 170, 171, 172, 173, 174, 175, 188, 189, 190, 191, 192, 193, 194, 195
00921, 91, 92, 93, 109, 110, 111, 112, 113, 114, 115, 128, 129, 130, 131, 132, 133, 134, 135, 148, 149, 150, 151, 152, 153, 154, 155, 168, 169, 170, 171, 172, 173, 174, 175, 188, 189, 190, 191, 192, 193, 194, 195
00922, 91, 92, 93, 109, 110, 111, 112, 113, 114, 115, 128, 129, 130, 131, 132, 133, 134, 135, 148, 149, 150, 151, 152, 153, 154, 155, 168, 169, 170, 171, 172, 173, 174, 175, 188, 189, 190, 191, 192, 193, 194, 195
00923, 91, 92, 93, 109, 110, 111, 112, 113, 114, 128, 129, 130, 131, 132, 133, 134, 135, 148, 149, 150, 151, 152, 153, 154, 155, 167, 168, 169, 170, 171, 172, 173, 174, 175, 176, 181, 182, 183, 184, 185, 186, 187, 188, 189, 190, 191, 192, 193, 194, 195, 196, 197, 198, 199, 200
00924, 91, 92, 93, 109, 110, 111, 112, 113, 114, 128, 129, 130, 131, 132, 133, 134, 135, 148, 149, 150, 151, 152, 153, 154, 155, 167, 168, 169, 170, 171, 172, 173, 174, 175, 176, 181, 182, 183, 184, 185, 186, 187, 188, 189, 190, 191, 192, 193, 194, 195, 196, 197, 198, 199, 200
00925, 91, 92, 93, 108, 109, 110, 111, 112, 113, 114, 128, 129, 130, 131, 132, 133, 134, 135, 147, 148, 149, 150, 151, 152, 153, 154, 155, 167, 168, 169, 170, 171, 172, 173, 174, 175, 176, 181, 182, 183, 184, 185, 186, 187, 188, 189, 190, 191, 192, 193, 194, 195, 196, 197, 198, 199, 200
00926, 91, 92, 93, 108, 109, 110, 111, 112, 113, 114, 128, 129, 130, 131, 132, 133, 134, 135, 147, 148, 149, 150, 151, 152, 153, 154, 155, 167, 168, 169, 170, 171, 172, 173, 174, 175, 176, 181, 182, 183, 184, 185, 186, 187, 188, 189, 190, 191, 192, 193, 194, 195, 196, 197, 198, 199, 200
00927, 91, 92, 93, 108, 109, 110, 111, 112, 113, 114, 128, 129, 130, 131, 132, 133, 134, 135, 147, 148, 149, 150, 151, 152, 153, 154, 155, 167, 168, 169, 170, 171, 172, 173, 174, 175, 176, 181, 182, 183, 184, 185, 186, 187, 188, 189, 190, 191, 192, 193, 194, 195, 196, 197, 198, 199, 200
00928, 91, 92, 93, 108, 109, 110, 111, 112, 113, 114, 128, 129, 130, 131, 132, 133, 134, 135, 147, 148, 149, 150, 151, 152, 153, 154, 155, 167, 168, 169, 170, 171, 172, 173, 174, 175, 176, 181, 182, 183, 184, 185, 186, 187, 188, 189, 190, 191, 192, 193, 194, 195, 196, 197, 198, 199, 200
00929, 91, 92, 93, 108, 109, 110, 111, 112, 113, 114, 128, 129, 130, 131, 132, 133, 134, 135, 147, 148, 149, 150, 151, 152, 153, 154, 155, 167, 168, 169, 170, 171, 172, 173, 174, 175, 176, 181, 182, 183, 184, 185, 186, 187, 188, 189, 190, 191, 192, 193, 194, 195, 196, 197, 198, 199, 200
00930, 91, 92, 93, 108, 109, 110, 111, 112, 113, 114, 128, 129, 130, 131, 132, 133, 134, 135, 147, 148, 149, 150, 151, 152, 153, 154, 155, 167, 168, 169, 170, 171, 172, 173, 174, 175, 176, 181, 182, 183, 184, 185, 186, 187, 188, 189, 190, 191, 192, 193, 194, 195, 196, 197, 198, 199, 200
00931, 91, 92, 93, 108, 109, 110, 111, 112, 113, 114, 128, 129, 130, 131, 132, 133, 134, 135, 147, 148, 149, 150, 151, 152, 153, 154, 155, 167, 168, 169, 170, 171, 172, 173, 174, 175, 176, 181, 182, 183, 184, 185, 186, 187, 188, 189, 190, 191, 192, 193, 194, 195, 196, 197, 198, 199, 200
00932, 91, 92, 93, 108, 109, 110, 111, 112, 113, 114, 128, 129, 130, 131, 132, 133, 134, 135, 147, 148, 149, 150, 151, 152, 153, 154, 155, 167, 168, 169, 170, 171, 172, 173, 174, 175, 176, 181, 182, 183, 184, 185, 186, 187, 188, 189, 190, 191, 192, 193, 194, 195, 196, 197, 198, 199, 200
00933, 91, 92, 93, 108, 109, 110, 111, 112, 113, 114, 128, 129, 130, 131, 132, 133, 134, 135, 147, 148, 149, 150, 151, 152, 153, 154, 155, 166, 167, 168, 169, 170, 171, 172, 173, 174, 175, 176, 181, 182, 183, 184, 185, 186, 187, 188, 189, 190, 191, 192, 193, 194, 195, 196, 197, 198, 199, 200
00934, 91, 92, 93, 108, 109, 110, 111, 112, 113, 114, 128, 129, 130, 131, 132, 133, 134, 135, 147, 148, 149, 150, 151, 152, 153, 154, 155, 166, 167, 168, 169, 170, 171, 172, 173, 174, 175, 176, 181, 182, 183, 184, 185, 186, 187, 188, 189, 190, 191, 192, 193, 194, 195, 196, 197, 198, 199, 200
00935, 91, 92, 93, 108, 109, 110, 111, 112, 113, 114, 128, 129, 130, 131, 132, 133, 134, 135, 147, 148, 149, 150, 151, 152, 153, 154, 155, 166, 167, 168, 169, 170, 171, 172, 173, 174, 175, 176, 181, 182, 183, 184, 185, 186, 187, 188, 189, 190, 191, 192, 193, 194, 195, 196, 197, 198, 199, 200
00936, 91, 92, 93, 108, 109, 110, 111, 112, 113, 114, 128, 129, 130, 131, 132, 133, 134, 135, 147, 148, 149, 150, 151, 152, 153, 154, 155, 166, 167, 168, 169, 170, 171, 172, 173, 174, 175, 176, 181, 182, 183, 184, 185, 186, 187, 188, 189, 190, 191, 192, 193, 194, 195, 196, 197, 198, 199, 200
00937, 91, 92, 93, 108, 109, 110, 111, 112, 113, 114, 128, 129, 130, 131, 132, 133, 134, 135, 147, 148, 149, 150, 151, 152, 153, 154, 155, 166, 167, 168, 169, 170, 171, 172, 173, 174, 175, 176, 181, 182, 183, 184, 185, 186, 187, 188, 189, 190, 191, 192, 193, 194, 195, 196, 197, 198, 199, 200
00938, 91, 92, 93, 108, 109, 110, 111, 112, 113, 114, 128, 129, 130, 131, 132, 133, 134, 135, 147, 148, 149, 150, 151, 152, 153, 154, 155, 166, 167, 168, 169, 170, 171, 172, 173, 174, 175, 176, 181, 182, 183, 184, 185, 186, 187, 188, 189, 190, 191, 192, 193, 194, 195, 196, 197, 198, 199, 200
00939, 91, 92, 93, 108, 109, 110, 111, 112, 113, 114, 128, 129, 130, 131, 132, 133, 134, 135, 147, 148, 149, 150, 151, 152, 153, 154, 155, 166, 167, 168, 169, 170, 171, 172, 173, 174, 175, 176, 181, 182, 183, 184, 185, 186, 187, 188, 189, 190, 191, 192, 193, 194, 195, 196, 197, 198, 199, 200
00940, 91, 92, 93, 108, 109, 110, 111, 112, 113, 114, 128, 129, 130, 131, 132, 133, 134, 135, 147, 148, 149, 150, 151, 152, 153, 154, 155, 166, 167, 168, 169, 170, 171, 172, 173, 174, 175, 176, 181, 182, 183, 184, 185, 186, 187, 188, 189, 190, 191, 192, 193, 194, 195, 196, 197, 198, 199, 200
00941, 91, 92, 93, 108, 109, 110, 111, 112, 113, 114, 128, 129, 130, 131, 132, 133, 134, 135, 147, 148, 149, 150, 151, 152, 153, 154, 155, 167, 168, 169, 170, 171, 172, 173, 174, 175, 176, 181, 182, 183, 184, 185, 186, 187, 188, 189, 190, 191, 192, 193, 194, 195, 196, 197, 198, 199, 200
00942, 91, 92, 93, 108, 109, 110, 111, 112, 113, 114, 128, 129, 130, 131, 132, 133, 134, 135, 147, 148, 149, 150, 151, 152, 153, 154, 155, 167, 168, 169, 170, 171, 172, 173, 174, 175, 176, 181, 182, 183, 184, 185, 186, 187, 188, 189, 190, 191, 192, 193, 194, 195, 196, 197, 198, 199, 200
00943, 91, 92, 93, 108, 109, 110, 111, 112, 113, 114, 128, 129, 130, 131, 132, 133, 134, 135, 147, 148, 149, 150, 151, 152, 153, 154, 155, 167, 168, 169, 170, 171, 172, 173, 174, 175, 176, 181, 182, 183, 184, 185, 186, 187, 188, 189, 190, 191, 192, 193, 194, 195, 196, 197, 198, 199, 200
00944, 91, 92, 93, 108, 109, 110, 111, 112, 113, 114, 128, 129, 130, 131, 132, 133, 134, 135, 147, 148, 149, 150, 151, 152, 153, 154, 155, 167, 168, 169, 170, 171, 172, 173, 174, 175, 176, 181, 182, 183, 184, 185, 186, 187, 188, 189, 190, 191, 192, 193, 194, 195, 196, 197, 198, 199, 200
00945, 91, 92, 93, 108, 109, 110, 111, 112, 113, 114, 128, 129, 130, 131, 132, 133, 134, 135, 147, 148, 149, 150, 151, 152, 153, 154, 155, 167, 168, 169, 170, 171, 172, 173, 174, 175, 176, 181, 182, 183, 184, 185, 186, 187, 188, 189, 190, 191, 192, 193, 194, 195, 196, 197, 198, 199, 200
00946, 91, 92, 93, 108, 109, 110, 111, 112, 113, 114, 128, 129, 130, 131, 132, 133, 134, 135, 147, 148, 149, 150, 151, 152, 153, 154, 155, 167, 168, 169, 170, 171, 172, 173, 174, 175, 176, 181, 182, 183, 184, 185, 186, 187, 188, 189, 190, 191, 192, 193, 194, 195, 196, 197, 198, 199, 200
00947, 91, 92, 93, 108, 109, 110, 111, 112, 113, 114, 128, 129, 130, 131, 132, 133, 134, 135, 147, 148, 149, 150, 151, 152, 153, 154, 155, 167, 168, 169, 170, 171, 172, 173, 174, 175, 176, 181, 182, 183, 184, 185, 186, 187, 188, 189, 190, 191, 192, 193, 194, 195, 196, 197, 198, 199, 200
00948, 91, 92, 93, 108, 109, 110, 111, 112, 113, 114, 128, 129, 130, 131, 132, 133, 134, 135, 147, 148, 149, 150, 151, 152, 153, 154, 155, 167, 168, 169, 170, 171, 172, 173, 174, 175, 176, 181, 182, 183, 184, 185, 186, 187, 188, 189, 190, 191, 192, 193, 194, 195, 196, 197, 198, 199, 200
00949, 91, 92, 93, 108, 109, 110, 111, 112, 113, 114, 128, 129, 130, 131, 132, 133, 134, 135, 147, 148, 149, 150, 151, 152, 153, 154, 155, 167, 168, 169, 170, 171, 172, 173, 174, 175, 176, 181, 182, 183, 184, 185, 186, 187, 188, 189, 190, 191, 192, 193, 194, 195, 196, 197, 198, 199, 200
00950, 91, 92, 93, 108, 109, 110, 111, 112, 113, 114, 128, 129, 130, 131, 132, 133, 134, 135, 147, 148, 149, 150, 151, 152, 153, 154, 155, 167, 168, 169, 170, 171, 172, 173, 174, 175, 176, 181, 182, 183, 184, 185, 186, 187, 188, 189, 190, 191, 192, 193, 194, 195, 196, 197, 198, 199, 200
00951, 91, 92, 93, 108, 109, 110, 111, 112, 113, 114, 128, 129, 130, 131, 132, 133, 134, 135, 147, 148, 149, 150, 151, 152, 153, 154, 155, 167, 168, 169, 170, 171, 172, 173, 174, 175, 176, 181, 182, 183, 184, 185, 186, 187, 188, 189, 190, 191, 192, 193, 194, 195, 196, 197, 198, 199, 200
00952, 91, 92, 93, 108, 109, 110, 111, 112, 113, 114, 128, 129, 130, 131, 132, 133, 134, 135, 147, 148, 149, 150, 151, 152, 153, 154, 155, 167, 168, 169, 170, 171, 172, 173, 174, 175, 176, 181, 182, 183, 184, 185, 186, 187, 188, 189, 190, 191, 192, 193, 194, 195, 196, 197, 198, 199, 200
00953, 91, 92, 93, 108, 109, 110, 111, 112, 113, 114, 128, 129, 130, 131, 132, 133, 134, 135, 147, 148, 149, 150, 151, 152, 153, 154, 155, 167, 168, 169, 170, 171, 172, 173, 174, 175, 181, 182, 183, 184, 185, 186, 187, 188, 189, 190, 191, 192, 193, 194, 195, 196, 197, 198, 199, 200
00954, 91, 92, 93, 108, 109, 110, 111, 112, 113, 114, 128, 129, 130, 131, 132, 133, 134, 135, 147, 148, 149, 150, 151, 152, 153, 154, 155, 167, 168, 169, 170, 171, 172, 173, 174, 175, 181, 182, 183, 184, 185, 186, 187, 188, 189, 190, 191, 192, 193, 194, 195, 196, 197, 198, 199, 200
00955, 90, 91, 92, 93, 108, 109, 110, 111, 112, 113, 114, 128, 129, 130, 131, 132, 133, 134, 135, 147, 148, 149, 150, 151, 152, 153, 154, 155, 167, 168, 169, 170, 171, 172, 173, 174, 175, 181, 182, 183, 184, 185, 186, 187, 188, 189, 190, 191, 192, 193, 194, 195, 196, 197, 198, 199, 200
00956, 90, 91, 92, 93, 108, 109, 110, 111, 112, 113, 114, 128, 129, 130, 131, 132, 133, 134, 135, 147, 148, 149, 150, 151, 152, 153, 154, 155, 167, 168, 169, 170, 171, 172, 173, 174, 175, 181, 182, 183, 184, 185, 186, 187, 188, 189, 190, 191, 192, 193, 194, 195, 196, 197, 198, 199, 200
00957, 90, 91, 92, 93, 108, 109, 110, 111, 112, 113, 114, 128, 129, 130, 131, 132, 133, 134, 135, 148, 149, 150, 151, 152, 153, 154, 155, 167, 168, 169, 170, 171, 172, 173, 174, 175, 181, 182, 183, 184, 185, 186, 187, 188, 189, 190, 191, 192, 193, 194, 195, 196, 197, 198, 199, 200
00958, 90, 91, 92, 93, 108, 109, 110, 111, 112, 113, 114, 128, 129, 130, 131, 132, 133, 134, 135, 148, 149, 150, 151, 152, 153, 154, 155, 167, 168, 169, 170, 171, 172, 173, 174, 175, 181, 182, 183, 184, 185, 186, 187, 188, 189, 190, 191, 192, 193, 194, 195, 196, 197, 198, 199, 200
00959, 90, 91, 92, 93, 108, 109, 110, 111, 112, 113, 114, 128, 129, 130, 131, 132, 133, 134, 135, 148, 149, 150, 151, 152, 153, 154, 155, 167, 168, 169, 170, 171, 172, 173, 174, 175, 186, 187, 188, 189, 190, 191, 192, 193, 194, 195, 196
00960, 90, 91, 92, 93, 108, 109, 110, 111, 112, 113, 114, 128, 129, 130, 131, 132, 133, 134, 135, 148, 149, 150, 151, 152, 153, 154, 155, 167, 168, 169, 170, 171, 172, 173, 174, 175, 186, 187, 188, 189, 190, 191, 192, 193, 194, 195, 196
00961, 90, 91, 92, 93, 108, 109, 110, 111, 112, 113, 114, 128, 129, 130, 131, 132, 133, 134, 135, 148, 149, 150, 151, 152, 153, 154, 155, 167, 168, 169, 170, 171, 172, 173, 174, 175, 187, 188, 189, 190, 191, 192, 193, 194, 195, 196
00962, 90, 91, 92, 93, 108, 109, 110, 111, 112, 113, 114, 128, 129, 130, 131, 132, 133, 134, 135, 148, 149, 150, 151, 152, 153, 154, 155, 167, 168, 169, 170, 171, 172, 173, 174, 175, 187, 188, 189, 190, 191, 192, 193, 194, 195, 196
00963, 90, 91, 92, 93, 108, 109, 110, 111, 112, 113, 114, 128, 129, 130, 131, 132, 133, 134, 135, 148, 149, 150, 151, 152, 153, 154, 155, 167, 168, 169, 170, 171, 172, 173, 174, 175, 187, 188, 189, 190, 191, 192, 193, 194, 195, 196
00964, 90, 91, 92, 93, 108, 109, 110, 111, 112, 113, 114, 128, 129, 130, 131, 132, 133, 134, 135, 148, 149, 150, 151, 152, 153, 154, 155, 167, 168, 169, 170, 171, 172, 173, 174, 175, 187, 188, 189, 190, 191, 192, 193, 194, 195, 196
00965, 91, 92, 93, 108, 109, 110, 111, 112, 113, 114, 128, 129, 130, 131, 132, 133, 134, 135, 148, 149, 150, 151, 152, 153, 154, 155, 167, 168, 169, 170, 171, 172, 173, 174, 175, 187, 188, 189, 190, 191, 192, 193, 194, 195, 196
00966, 91, 92, 93, 108, 109, 110, 111, 112, 113, 114, 128, 129, 130, 131, 132, 133, 134, 135, 148, 149, 150, 151, 152, 153, 154, 155, 167, 168, 169, 170, 171, 172, 173, 174, 175, 187, 188, 189, 190, 191, 192, 193, 194, 195, 196
00967, 91, 92, 93, 108, 109, 110, 111, 112, 113, 114, 128, 129, 130, 131, 132, 133, 134, 135, 148, 149, 150, 151, 152, 153, 154, 155, 167, 168, 169, 170, 171, 172, 173, 174, 175, 187, 188, 189, 190, 191, 192, 193, 194, 195, 196
00968, 91, 92, 93, 108, 109, 110, 111, 112, 113, 114, 128, 129, 130, 131, 132, 133, 134, 135, 148, 149, 150, 151, 152, 153, 154, 155, 167, 168, 169, 170, 171, 172, 173, 174, 175, 187, 188, 189, 190, 191, 192, 193, 194, 195, 196
00969, 90, 91, 92, 93, 108, 109, 110, 111, 112, 113, 114, 128, 129, 130, 131, 132, 133, 134, 135, 148, 149, 150, 151, 152, 153, 154, 155, 167, 168, 169, 170, 171, 172, 173, 174, 175, 187, 188, 189, 190, 191, 192, 193, 194, 195, 196
00970, 90, 91, 92, 93, 108, 109, 110, 111, 112, 113, 114, 128, 129, 130, 131, 132, 133, 134, 135, 148, 149, 150, 151, 152, 153, 154, 155, 167, 168, 169, 170, 171, 172, 173, 174, 175, 187, 188, 189, 190, 191, 192, 193, 194, 195, 196
00971, 90, 91, 92, 93, 108, 109, 110, 111, 112, 113, 114, 128, 129, 130, 131, 132, 133, 134, 135, 148, 149, 150, 151, 152, 153, 154, 155, 167, 168, 169, 170, 171, 172, 173, 174, 175, 187, 188, 189, 190, 191, 192, 193, 194, 195, 196
00972, 90, 91, 92, 93, 108, 109, 110, 111, 112, 113, 114, 128, 129, 130, 131, 132, 133, 134, 135, 148, 149, 150, 151, 152, 153, 154, 155, 167, 168, 169, 170, 171, 172, 173, 174, 175, 187, 188, 189, 190, 191, 192, 193, 194, 195, 196
00973, 91, 92, 93, 108, 109, 110, 111, 112, 113, 114, 128, 129, 130, 131, 132, 133, 134, 135, 148, 149, 150, 151, 152, 153, 154, 155, 167, 168, 169, 170, 171, 172, 173, 174, 175, 187, 188, 189, 190, 191, 192, 193, 194, 195, 196
00974, 91, 92, 93, 108, 109, 110, 111, 112, 113, 114, 128, 129, 130, 131, 132, 133, 134, 135, 148, 149, 150, 151, 152, 153, 154, 155, 167, 168, 169, 170, 171, 172, 173, 174, 175, 187, 188, 189, 190, 191, 192, 193, 194, 195, 196
00975, 91, 92, 93, 108, 109, 110, 111, 112, 113, 114, 128, 129, 130, 131, 132, 133, 134, 135, 148, 149, 150, 151, 152, 153, 154, 155, 167, 168, 169, 170, 171, 172, 173, 174, 175, 187, 188, 189, 190, 191, 192, 193, 194, 195, 196
00976, 91, 92, 93, 108, 109, 110, 111, 112, 113, 114, 128, 129, 130, 131, 132, 133, 134, 135, 148, 149, 150, 151, 152, 153, 154, 155, 167, 168, 169, 170, 171, 172, 173, 174, 175, 187, 188, 189, 190, 191, 192, 193, 194, 195, 196
00977, 91, 92, 93, 109, 110, 111, 112, 113, 114, 128, 129, 130, 131, 132, 133, 134, 135, 148, 149, 150, 151, 152, 153, 154, 155, 167, 168, 169, 170, 171, 172, 173, 174, 175, 187, 188, 189, 190, 191, 192, 193, 194, 195, 196
00978, 91, 92, 93, 109, 110, 111, 112, 113, 114, 128, 129, 130, 131, 132, 133, 134, 135, 148, 149, 150, 151, 152, 153, 154, 155, 167, 168, 169, 170, 171, 172, 173, 174, 175, 187, 188, 189, 190, 191, 192, 193, 194, 195, 196
00979, 91, 92, 93, 109, 110, 111, 112, 113, 114, 128, 129, 130, 131, 132, 133, 134, 135, 148, 149, 150, 151, 152, 153, 154, 155, 167, 168, 169, 170, 171, 172, 173, 174, 175, 176, 186, 187, 188, 189, 190, 191, 192, 193, 194, 195, 196
00980, 91, 92, 93, 109, 110, 111, 112, 113, 114, 128, 129, 130, 131, 132, 133, 134, 135, 148, 149, 150, 151, 152, 153, 154, 155, 167, 168, 169, 170, 171, 172, 173, 174, 175, 176, 186, 187, 188, 189, 190, 191, 192, 193, 194, 195, 196
00981, 91, 92, 93, 109, 110, 111, 112, 113, 114, 128, 129, 130, 131, 132, 133, 134, 135, 148, 149, 150, 151, 152, 153, 154, 155, 167, 168, 169, 170, 171, 172, 173, 174, 175, 176, 181, 182, 183, 184, 185, 186, 187, 188, 189, 190, 191, 192, 193, 194, 195, 196, 197, 198, 199, 200
00982, 91, 92, 93, 109, 110, 111, 112, 113, 114, 128, 129, 130, 131, 132, 133, 134, 135, 148, 149, 150, 151, 152, 153, 154, 155, 167, 168, 169, 170, 171, 172, 173, 174, 175, 176, 181, 182, 183, 184, 185, 186, 187, 188, 189, 190, 191, 192, 193, 194, 195, 196, 197, 198, 199, 200
00983, 91, 92, 93, 109, 110, 111, 112, 113, 114, 128, 129, 130, 131, 132, 133, 134, 135, 148, 149, 150, 151, 152, 153, 154, 155, 167, 168, 169, 170, 171, 172, 173, 174, 175, 176, 181, 182, 183, 184, 185, 186, 187, 188, 189, 190, 191, 192, 193, 194, 195, 196, 197, 198, 199, 200
00984, 91, 92, 93, 109, 110, 111, 112, 113, 114, 128, 129, 130, 131, 132, 133, 134, 135, 148, 149, 150, 151, 152, 153, 154, 155, 167, 168, 169, 170, 171, 172, 173, 174, 175, 176, 181, 182, 183, 184, 185, 186, 187, 188, 189, 190, 191, 192, 193, 194, 195, 196, 197, 198, 199, 200
00985, 91, 92, 93, 109, 110, 111, 112, 113, 114, 128, 129, 130, 131, 132, 133, 134, 135, 148, 149, 150, 151, 152, 153, 154, 155, 167, 168, 169, 170, 171, 172, 173, 174, 175, 176, 181, 182, 183, 184, 185, 186, 187, 188, 189, 190, 191, 192, 193, 194, 195, 196, 197, 198, 199, 200
00986, 91, 92, 93, 109, 110, 111, 112, 113, 114, 128, 129, 130, 131, 132, 133, 134, 135, 148, 149, 150, 151, 152, 153, 154, 155, 167, 168, 169, 170, 171, 172, 173, 174, 175, 176, 181, 182, 183, 184, 185, 186, 187, 188, 189, 190, 191, 192, 193, 194, 195, 196, 197, 198, 199, 200
00987, 91, 92, 93, 109, 110, 111, 112, 113, 114, 128, 129, 130, 131, 132, 133, 134, 135, 148, 149, 150, 151, 152, 153, 154, 155, 167, 168, 169, 170, 171, 172, 173, 174, 175, 176, 181, 182, 183, 184, 185, 186, 187, 188, 189, 190, 191, 192, 193, 194, 195, 196, 197, 198, 199, 200
00988, 91, 92, 93, 109, 110, 111, 112, 113, 114, 128, 129, 130, 131, 132, 133, 134, 135, 148, 149, 150, 151, 152, 153, 154, 155, 167, 168, 169, 170, 171, 172, 173, 174, 175, 176, 181, 182, 183, 184, 185, 186, 187, 188, 189, 190, 191, 192, 193, 194, 195, 196, 197, 198, 199, 200
00989, 91, 92, 93, 109, 110, 111, 112, 113, 114, 128, 129, 130, 131, 132, 133, 134, 135, 148, 149, 150, 151, 152, 153, 154, 155, 167, 168, 169, 170, 171, 172, 173, 174, 175, 176, 182, 183, 184, 185, 186, 187, 188, 189, 190, 191, 192, 193, 194, 195, 196, 197, 198, 199, 200
00990, 91, 92, 93, 109, 110, 111, 112, 113, 114, 128, 129, 130, 131, 132, 133, 134, 135, 148, 149, 150, 151, 152, 153, 154, 155, 167, 168, 169, 170, 171, 172, 173, 174, 175, 176, 182, 183, 184, 185, 186, 187, 188, 189, 190, 191, 192, 193, 194, 195, 196, 197, 198, 199, 200
00991, 91, 92, 93, 109, 110, 111, 112, 113, 114, 128, 129, 130, 131, 132, 133, 134, 135, 148, 149, 150, 151, 152, 153, 154, 155, 167, 168, 169, 170, 171, 172, 173, 174, 175, 176, 187, 188, 189, 190, 191, 192, 193, 194, 195, 196, 197
00992, 91, 92, 93, 109, 110, 111, 112, 113, 114, 128, 129, 130, 131, 132, 133, 134, 135, 148, 149, 150, 151, 152, 153, 154, 155, 167, 168, 169, 170, 171, 172, 173, 174, 175, 176, 187, 188, 189, 190, 191, 192, 193, 194, 195, 196, 197
00993, 91, 92, 93, 109, 110, 111, 112, 113, 114, 128, 129, 130, 131, 132, 133, 134, 135, 148, 149, 150, 151, 152, 153, 154, 155, 167, 168, 169, 170, 171, 172, 173, 174, 175, 176, 187, 188, 189, 190, 191, 192, 193, 194, 195, 196, 197
00994, 91, 92, 93, 109, 110, 111, 112, 113, 114, 128, 129, 130, 131, 132, 133, 134, 135, 148, 149, 150, 151, 152, 153, 154, 155, 167, 168, 169, 170, 171, 172, 173, 174, 175, 176, 187, 188, 189, 190, 191, 192, 193, 194, 195, 196, 197
00995, 91, 92, 93, 109, 110, 111, 112, 113, 114, 128, 129, 130, 131, 132, 133, 134, 135, 148, 149, 150, 151, 152, 153, 154, 155, 167, 168, 169, 170, 171, 172, 173, 174, 175, 176, 182, 184, 185, 186, 187, 188, 189, 190, 191, 192, 193, 194, 195, 196, 197, 198, 199
00996, 91, 92, 93, 109, 110, 111, 112, 113, 114, 128, 129, 130, 131, 132, 133, 134, 135, 148, 149, 150, 151, 152, 153, 154, 155, 167, 168, 169, 170, 171, 172, 173, 174, 175, 176, 182, 184, 185, 186, 187, 188, 189, 190, 191, 192, 193, 194, 195, 196, 197, 198, 199
00997, 91, 92, 93, 109, 110, 111, 112, 113, 114, 115, 128, 129, 130, 131, 132, 133, 134, 135, 148, 149, 150, 151, 152, 153, 154, 155, 167, 168, 169, 170, 171, 172, 173, 174, 175, 176, 182, 183, 184, 185, 186, 187, 188, 189, 190, 191, 192, 193, 194, 195, 196, 197, 198, 199, 200
00998, 91, 92, 93, 109, 110, 111, 112, 113, 114, 115, 128, 129, 130, 131, 132, 133, 134, 135, 148, 149, 150, 151, 152, 153, 154, 155, 167, 168, 169, 170, 171, 172, 173, 174, 175, 176, 182, 183, 184, 185, 186, 187, 188, 189, 190, 191, 192, 193, 194, 195, 196, 197, 198, 199, 200
00999, 91, 92, 93, 109, 110, 111, 112, 113, 114, 115, 128, 129, 130, 131, 132, 133, 134, 135, 148, 149, 150, 151, 152, 153, 154, 155, 167, 168, 169, 170, 171, 172, 173, 174, 175, 176, 181, 182, 183, 184, 185, 186, 187, 188, 189, 190, 191, 192, 193, 194, 195, 196, 197, 198, 199, 200
01000, 91, 92, 93, 109, 110, 111, 112, 113, 114, 115, 128, 129, 130, 131, 132, 133, 134, 135, 148, 149, 150, 151, 152, 153, 154, 155, 167, 168, 169, 170, 171, 172, 173, 174, 175, 176, 181, 182, 183, 184, 185, 186, 187, 188, 189, 190, 191, 192, 193, 194, 195, 196, 197, 198, 199, 200
01001, 91, 92, 93, 109, 110, 111, 112, 113, 114, 115, 128, 129, 130, 131, 132, 133, 134, 135, 148, 149, 150, 151, 152, 153, 154, 155, 167, 168, 169, 170, 171, 172, 173, 174, 175, 176, 182, 184, 185, 186, 187, 188, 189, 190, 191, 192, 193, 194, 195, 196, 197, 198, 199
01002, 91, 92, 93, 109, 110, 111, 112, 113, 114, 115, 128, 129, 130, 131, 132, 133, 134, 135, 148, 149, 150, 151, 152, 153, 154, 155, 167, 168, 169, 170, 171, 172, 173, 174, 175, 176, 182, 184, 185, 186, 187, 188, 189, 190, 191, 192, 193, 194, 195, 196, 197, 198, 199
01003, 91, 92, 93, 109, 110, 111, 112, 113, 114, 115, 128, 129, 130, 131, 132, 133, 134, 135, 148, 149, 150, 151, 152, 153, 154, 155, 168, 169, 170, 171, 172, 173, 174, 175, 176, 182, 184, 185, 186, 187, 188, 189, 190, 191, 192, 193, 194, 195, 196, 197, 198, 199, 200
01004, 91, 92, 93, 109, 110, 111, 112, 113, 114, 115, 128, 129, 130, 131, 132, 133, 134, 135, 148, 149, 150, 151, 152, 153, 154, 155, 168, 169, 170, 171, 172, 173, 174, 175, 176, 182, 184, 185, 186, 187, 188, 189, 190, 191, 192, 193, 194, 195, 196, 197, 198, 199, 200
01005, 91, 92, 93, 109, 110, 111, 112, 113, 114, 115, 128, 129, 130, 131, 132, 133, 134, 135, 148, 149, 150, 151, 152, 153, 154, 155, 167, 168, 169, 170, 171, 172, 173, 174, 175, 176, 181, 182, 183, 184, 185, 186, 187, 188, 189, 190, 191, 192, 193, 194, 195, 196, 197, 198, 199, 200
01006, 91, 92, 93, 109, 110, 111, 112, 113, 114, 115, 128, 129, 130, 131, 132, 133, 134, 135, 148, 149, 150, 151, 152, 153, 154, 155, 167, 168, 169, 170, 171, 172, 173, 174, 175, 176, 181, 182, 183, 184, 185, 186, 187, 188, 189, 190, 191, 192, 193, 194, 195, 196, 197, 198, 199, 200
01007, 91, 92, 93, 109, 110, 111, 112, 113, 114, 115, 128, 129, 130, 131, 132, 133, 134, 135, 148, 149, 150, 151, 152, 153, 154, 155, 167, 168, 169, 170, 171, 172, 173, 174, 175, 176, 181, 182, 183, 184, 185, 186, 187, 188, 189, 190, 191, 192, 193, 194, 195, 196, 197, 198, 199, 200
01008, 91, 92, 93, 109, 110, 111, 112, 113, 114, 115, 128, 129, 130, 131, 132, 133, 134, 135, 148, 149, 150, 151, 152, 153, 154, 155, 167, 168, 169, 170, 171, 172, 173, 174, 175, 176, 181, 182, 183, 184, 185, 186, 187, 188, 189, 190, 191, 192, 193, 194, 195, 196, 197, 198, 199, 200
01009, 91, 92, 93, 109, 110, 111, 112, 113, 114, 115, 128, 129, 130, 131, 132, 133, 134, 135, 148, 149, 150, 151, 152, 153, 154, 155, 156, 167, 168, 169, 170, 171, 172, 173, 174, 175, 176, 181, 182, 183, 184, 185, 186, 187, 188, 189, 190, 191, 192, 193, 194, 195, 196, 197, 198, 199, 200
01010, 91, 92, 93, 109, 110, 111, 112, 113, 114, 115, 128, 129, 130, 131, 132, 133, 134, 135, 148, 149, 150, 151, 152, 153, 154, 155, 156, 167, 168, 169, 170, 171, 172, 173, 174, 175, 176, 181, 182, 183, 184, 185, 186, 187, 188, 189, 190, 191, 192, 193, 194, 195, 196, 197, 198, 199, 200
01011, 91, 92, 93, 109, 110, 111, 112, 113, 114, 115, 128, 129, 130, 131, 132, 133, 134, 135, 148, 149, 150, 151, 152, 153, 154, 155, 156, 167, 168, 169, 170, 171, 172, 173, 174, 175, 176, 181, 182, 183, 184, 185, 186, 187, 188, 189, 190, 191, 192, 193, 194, 195, 196, 197, 198, 199, 200
01012, 91, 92, 93, 109, 110, 111, 112, 113, 114, 115, 128, 129, 130, 131, 132, 133, 134, 135, 148, 149, 150, 151, 152, 153, 154, 155, 156, 167, 168, 169, 170, 171, 172, 173, 174, 175, 176, 181, 182, 183, 184, 185, 186, 187, 188, 189, 190, 191, 192, 193, 194, 195, 196, 197, 198, 199, 200
01013, 91, 92, 93, 109, 110, 111, 112, 113, 114, 115, 128, 129, 130, 131, 132, 133, 134, 135, 148, 149, 150, 151, 152, 153, 154, 155, 156, 167, 168, 169, 170, 171, 172, 173, 174, 175, 176, 181, 182, 183, 184, 185, 186, 187, 188, 189, 190, 191, 192, 193, 194, 195, 196, 197, 198, 199, 200
01014, 91, 92, 93, 109, 110, 111, 112, 113, 114, 115, 128, 129, 130, 131, 132, 133, 134, 135, 148, 149, 150, 151, 152, 153, 154, 155, 156, 167, 168, 169, 170, 171, 172, 173, 174, 175, 176, 181, 182, 183, 184, 185, 186, 187, 188, 189, 190, 191, 192, 193, 194, 195, 196, 197, 198, 199, 200
01015, 91, 92, 93, 109, 110, 111, 112, 113, 114, 115, 128, 129, 130, 131, 132, 133, 134, 135, 148, 149, 150, 151, 152, 153, 154, 155, 156, 167, 168, 169, 170, 171, 172, 173, 174, 175, 176, 181, 182, 183, 184, 185, 186, 187, 188, 189, 190, 191, 192, 193, 194, 195, 196, 197, 198, 199, 200
01016, 91, 92, 93, 109, 110, 111, 112, 113, 114, 115, 128, 129, 130, 131, 132, 133, 134, 135, 148, 149, 150, 151, 152, 153, 154, 155, 156, 167, 168, 169, 170, 171, 172, 173, 174, 175, 176, 181, 182, 183, 184, 185, 186, 187, 188, 189, 190, 191, 192, 193, 194, 195, 196, 197, 198, 199, 200
01017, 91, 92, 93, 109, 110, 111, 112, 113, 114, 115, 128, 129, 130, 131, 132, 133, 134, 135, 148, 149, 150, 151, 152, 153, 154, 155, 156, 167, 168, 169, 170, 171, 172, 173, 174, 175, 176, 181, 182, 183, 184, 185, 186, 187, 188, 189, 190, 191, 192, 193, 194, 195, 196, 197, 198, 199, 200
01018, 91, 92, 93, 109, 110, 111, 112, 113, 114, 115, 128, 129, 130, 131, 132, 133, 134, 135, 148, 149, 150, 151, 152, 153, 154, 155, 156, 167, 168, 169, 170, 171, 172, 173, 174, 175, 176, 181, 182, 183, 184, 185, 186, 187, 188, 189, 190, 191, 192, 193, 194, 195, 196, 197, 198, 199, 200
01019, 91, 92, 93, 109, 110, 111, 112, 113, 114, 115, 128, 129, 130, 131, 132, 133, 134, 135, 148, 149, 150, 151, 152, 153, 154, 155, 156, 167, 168, 169, 170, 171, 172, 173, 174, 175, 176, 181, 182, 183, 184, 185, 186, 187, 188, 189, 190, 191, 192, 193, 194, 195, 196, 197, 198, 199, 200
01020, 91, 92, 93, 109, 110, 111, 112, 113, 114, 115, 128, 129, 130, 131, 132, 133, 134, 135, 148, 149, 150, 151, 152, 153, 154, 155, 156, 167, 168, 169, 170, 171, 172, 173, 174, 175, 176, 181, 182, 183, 184, 185, 186, 187, 188, 189, 190, 191, 192, 193, 194, 195, 196, 197, 198, 199, 200
01021, 91, 92, 93, 109, 110, 111, 112, 113, 114, 115, 128, 129, 130, 131, 132, 133, 134, 135, 148, 149, 150, 151, 152, 153, 154, 155, 156, 167, 168, 169, 170, 171, 172, 173, 174, 175, 176, 181, 182, 183, 184, 185, 186, 187, 188, 189, 190, 191, 192, 193, 194, 195, 196, 197, 198, 199, 200
01022, 91, 92, 93, 109, 110, 111, 112, 113, 114, 115, 128, 129, 130, 131, 132, 133, 134, 135, 148, 149, 150, 151, 152, 153, 154, 155, 156, 167, 168, 169, 170, 171, 172, 173, 174, 175, 176, 181, 182, 183, 184, 185, 186, 187, 188, 189, 190, 191, 192, 193, 194, 195, 196, 197, 198, 199, 200
01023, 91, 92, 93, 109, 110, 111, 112, 113, 114, 115, 128, 129, 130, 131, 132, 133, 134, 135, 148, 149, 150, 151, 152, 153, 154, 155, 156, 167, 168, 169, 170, 171, 172, 173, 174, 175, 176, 181, 182, 183, 184, 185, 186, 187, 188, 189, 190, 191, 192, 193, 194, 195, 196, 197, 198, 199, 200
01024, 91, 92, 93, 109, 110, 111, 112, 113, 114, 115, 128, 129, 130, 131, 132, 133, 134, 135, 148, 149, 150, 151, 152, 153, 154, 155, 156, 167, 168, 169, 170, 171, 172, 173, 174, 175, 176, 181, 182, 183, 184, 185, 186, 187, 188, 189, 190, 191, 192, 193, 194, 195, 196, 197, 198, 199, 200
01025, 91, 92, 93, 109, 110, 111, 112, 113, 114, 115, 128, 129, 130, 131, 132, 133, 134, 135, 148, 149, 150, 151, 152, 153, 154, 155, 156, 167, 168, 169, 170, 171, 172, 173, 174, 175, 176, 181, 182, 183, 184, 185, 186, 187, 188, 189, 190, 191, 192, 193, 194, 195, 196, 197, 198, 199, 200
01026, 91, 92, 93, 109, 110, 111, 112, 113, 114, 115, 128, 129, 130, 131, 132, 133, 134, 135, 148, 149, 150, 151, 152, 153, 154, 155, 156, 167, 168, 169, 170, 171, 172, 173, 174, 175, 176, 181, 182, 183, 184, 185, 186, 187, 188, 189, 190, 191, 192, 193, 194, 195, 196, 197, 198, 199, 200
01027, 91, 92, 93, 109, 110, 111, 112, 113, 114, 115, 128, 129, 130, 131, 132, 133, 134, 135, 148, 149, 150, 151, 152, 153, 154, 155, 156, 167, 168, 169, 170, 171, 172, 173, 174, 175, 176, 181, 182, 183, 184, 185, 186, 187, 188, 189, 190, 191, 192, 193, 194, 195, 196, 197, 198, 199, 200
01028, 91, 92, 93, 109, 110, 111, 112, 113, 114, 115, 128, 129, 130, 131, 132, 133, 134, 135, 148, 149, 150, 151, 152, 153, 154, 155, 156, 167, 168, 169, 170, 171, 172, 173, 174, 175, 176, 181, 182, 183, 184, 185, 186, 187, 188, 189, 190, 191, 192, 193, 194, 195, 196, 197, 198, 199, 200
01029, 91, 92, 93, 109, 110, 111, 112, 113, 114, 115, 128, 129, 130, 131, 132, 133, 134, 135, 148, 149, 150, 151, 152, 153, 154, 155, 156, 167, 168, 169, 170, 171, 172, 173, 174, 175, 176, 181, 182, 183, 184, 185, 186, 187, 188, 189, 190, 191, 192, 193, 194, 195, 196, 197, 198, 199, 200
01030, 91, 92, 93, 109, 110, 111, 112, 113, 114, 115, 128, 129, 130, 131, 132, 133, 134, 135, 148, 149, 150, 151, 152, 153, 154, 155, 156, 167, 168, 169, 170, 171, 172, 173, 174, 175, 176, 181, 182, 183, 184, 185, 186, 187, 188, 189, 190, 191, 192, 193, 194, 195, 196, 197, 198, 199, 200
01031, 91, 92, 93, 94, 109, 110, 111, 112, 113, 114, 115, 128, 129, 130, 131, 132, 133, 134, 135, 148, 149, 150, 151, 152, 153, 154, 155, 156, 167, 168, 169, 170, 171, 172, 173, 174, 175, 176, 181, 182, 183, 184, 185, 186, 187, 188, 189, 190, 191, 192, 193, 194, 195, 196, 197, 198, 199, 200
01032, 91, 92, 93, 94, 109, 110, 111, 112, 113, 114, 115, 128, 129, 130, 131, 132, 133, 134, 135, 148, 149, 150, 151, 152, 153, 154, 155, 156, 167, 168, 169, 170, 171, 172, 173, 174, 175, 176, 181, 182, 183, 184, 185, 186, 187, 188, 189, 190, 191, 192, 193, 194, 195, 196, 197, 198, 199, 200
01033, 91, 92, 93, 94, 109, 110, 111, 112, 113, 114, 115, 128, 129, 130, 131, 132, 133, 134, 135, 148, 149, 150, 151, 152, 153, 154, 155, 156, 167, 168, 169, 170, 171, 172, 173, 174, 175, 176, 181, 182, 183, 184, 185, 186, 187, 188, 189, 190, 191, 192, 193, 194, 195, 196, 197, 198, 199, 200
01034, 91, 92, 93, 94, 109, 110, 111, 112, 113, 114, 115, 128, 129, 130, 131, 132, 133, 134, 135, 148, 149, 150, 151, 152, 153, 154, 155, 156, 167, 168, 169, 170, 171, 172, 173, 174, 175, 176, 181, 182, 183, 184, 185, 186, 187, 188, 189, 190, 191, 192, 193, 194, 195, 196, 197, 198, 199, 200
01035, 91, 92, 93, 94, 109, 110, 111, 112, 113, 114, 115, 128, 129, 130, 131, 132, 133, 134, 135, 148, 149, 150, 151, 152, 153, 154, 155, 156, 167, 168, 169, 170, 171, 172, 173, 174, 175, 176, 181, 182, 183, 184, 185, 186, 187, 188, 189, 190, 191, 192, 193, 194, 195, 196, 197, 198, 199, 200
01036, 91, 92, 93, 94, 109, 110, 111, 112, 113, 114, 115, 128, 129, 130, 131, 132, 133, 134, 135, 148, 149, 150, 151, 152, 153, 154, 155, 156, 167, 168, 169, 170, 171, 172, 173, 174, 175, 176, 181, 182, 183, 184, 185, 186, 187, 188, 189, 190, 191, 192, 193, 194, 195, 196, 197, 198, 199, 200
01037, 91, 92, 93, 94, 109, 110, 111, 112, 113, 114, 115, 128, 129, 130, 131, 132, 133, 134, 135, 148, 149, 150, 151, 152, 153, 154, 155, 156, 167, 168, 169, 170, 171, 172, 173, 174, 175, 176, 181, 182, 183, 184, 185, 186, 187, 188, 189, 190, 191, 192, 193, 194, 195, 196, 197, 198, 199, 200
01038, 91, 92, 93, 94, 109, 110, 111, 112, 113, 114, 115, 128, 129, 130, 131, 132, 133, 134, 135, 148, 149, 150, 151, 152, 153, 154, 155, 156, 167, 168, 169, 170, 171, 172, 173, 174, 175, 176, 181, 182, 183, 184, 185, 186, 187, 188, 189, 190, 191, 192, 193, 194, 195, 196, 197, 198, 199, 200
01039, 91, 92, 93, 94, 109, 110, 111, 112, 113, 114, 115, 128, 129, 130, 131, 132, 133, 134, 135, 136, 148, 149, 150, 151, 152, 153, 154, 155, 156, 167, 168, 169, 170, 171, 172, 173, 174, 175, 176, 181, 182, 183, 184, 185, 186, 187, 188, 189, 190, 191, 192, 193, 194, 195, 196, 197, 198, 199, 200
01040, 91, 92, 93, 94, 109, 110, 111, 112, 113, 114, 115, 128, 129, 130, 131, 132, 133, 134, 135, 136, 148, 149, 150, 151, 152, 153, 154, 155, 156, 167, 168, 169, 170, 171, 172, 173, 174, 175, 176, 181, 182, 183, 184, 185, 186, 187, 188, 189, 190, 191, 192, 193, 194, 195, 196, 197, 198, 199, 200
01041, 91, 92, 93, 94, 109, 110, 111, 112, 113, 114, 115, 128, 129, 130, 131, 132, 133, 134, 135, 136, 148, 149, 150, 151, 152, 153, 154, 155, 156, 168, 169, 170, 171, 172, 173, 174, 175, 176, 177, 181, 182, 183, 184, 185, 186, 187, 188, 189, 190, 191, 192, 193, 194, 195, 196, 197, 198, 199, 200
01042, 91, 92, 93, 94, 109, 110, 111, 112, 113, 114, 115, 128, 129, 130, 131, 132, 133, 134, 135, 136, 148, 149, 150, 151, 152, 153, 154, 155, 156, 168, 169, 170, 171, 172, 173, 174, 175, 176, 177, 181, 182, 183, 184, 185, 186, 187, 188, 189, 190, 191, 192, 193, 194, 195, 196, 197, 198, 199, 200
01043, 91, 92, 93, 94, 109, 110, 111, 112, 113, 114, 115, 129, 130, 131, 132, 133, 134, 135, 136, 148, 149, 150, 151, 152, 153, 154, 155, 156, 168, 169, 170, 171, 172, 173, 174, 175, 176, 177, 181, 182, 183, 184, 185, 186, 187, 188, 189, 190, 191, 192, 193, 194, 195, 196, 197, 198, 199, 200
01044, 91, 92, 93, 94, 109, 110, 111, 112, 113, 114, 115, 129, 130, 131, 132, 133, 134, 135, 136, 148, 149, 150, 151, 152, 153, 154, 155, 156, 168, 169, 170, 171, 172, 173, 174, 175, 176, 177, 181, 182, 183, 184, 185, 186, 187, 188, 189, 190, 191, 192, 193, 194, 195, 196, 197, 198, 199, 200
01045, 91, 92, 93, 94, 109, 110, 111, 112, 113, 114, 115, 129, 130, 131, 132, 133, 134, 135, 136, 148, 149, 150, 151, 152, 153, 154, 155, 156, 168, 169, 170, 171, 172, 173, 174, 175, 176, 177, 181, 182, 183, 184, 185, 186, 187, 188, 189, 190, 191, 192, 193, 194, 195, 196, 197, 198, 199, 200
01046, 91, 92, 93, 94, 109, 110, 111, 112, 113, 114, 115, 129, 130, 131, 132, 133, 134, 135, 136, 148, 149, 150, 151, 152, 153, 154, 155, 156, 168, 169, 170, 171, 172, 173, 174, 175, 176, 177, 181, 182, 183, 184, 185, 186, 187, 188, 189, 190, 191, 192, 193, 194, 195, 196, 197, 198, 199, 200
01047, 91, 92, 93, 94, 109, 110, 111, 112, 113, 114, 115, 129, 130, 131, 132, 133, 134, 135, 136, 148, 149, 150, 151, 152, 153, 154, 155, 156, 168, 169, 170, 171, 172, 173, 174, 175, 176, 177, 181, 182, 183, 184, 185, 186, 187, 188, 189, 190, 191, 192, 193, 194, 195, 196, 197, 198, 199, 200
01048, 91, 92, 93, 94, 109, 110, 111, 112, 113, 114, 115, 129, 130, 131, 132, 133, 134, 135, 136, 148, 149, 150, 151, 152, 153, 154, 155, 156, 168, 169, 170, 171, 172, 173, 174, 175, 176, 177, 181, 182, 183, 184, 185, 186, 187, 188, 189, 190, 191, 192, 193, 194, 195, 196, 197, 198, 199, 200
01049, 92, 93, 94, 109, 110, 111, 112, 113, 114, 115, 129, 130, 131, 132, 133, 134, 135, 136, 148, 149, 150, 151, 152, 153, 154, 155, 156, 168, 169, 170, 171, 172, 173, 174, 175, 176, 177, 181, 182, 183, 184, 185, 186, 187, 188, 189, 190, 191, 192, 193, 194, 195, 196, 197, 198, 199, 200
01050, 92, 93, 94, 109, 110, 111, 112, 113, 114, 115, 129, 130, 131, 132, 133, 134, 135, 136, 148, 149, 150, 151, 152, 153, 154, 155, 156, 168, 169, 170, 171, 172, 173, 174, 175, 176, 177, 181, 182, 183, 184, 185, 186, 187, 188, 189, 190, 191, 192, 193, 194, 195, 196, 197, 198, 199, 200
01051, 92, 93, 94, 109, 110, 111, 112, 113, 114, 115, 129, 130, 131, 132, 133, 134, 135, 136, 148, 149, 150, 151, 152, 153, 154, 155, 156, 168, 169, 170, 171, 172, 173, 174, 175, 176, 177, 181, 182, 183, 184, 185, 186, 187, 188, 189, 190, 191, 192, 193, 194, 195, 196, 197, 198, 199, 200
01052, 92, 93, 94, 109, 110, 111, 112, 113, 114, 115, 129, 130, 131, 132, 133, 134, 135, 136, 148, 149, 150, 151, 152, 153, 154, 155, 156, 168, 169, 170, 171, 172, 173, 174, 175, 176, 177, 181, 182, 183, 184, 185, 186, 187, 188, 189, 190, 191, 192, 193, 194, 195, 196, 197, 198, 199, 200
01053, 92, 93, 94, 109, 110, 111, 112, 113, 114, 115, 129, 130, 131, 132, 133, 134, 135, 136, 148, 149, 150, 151, 152, 153, 154, 155, 156, 168, 169, 170, 171, 172, 173, 174, 175, 176, 177, 181, 182, 183, 184, 185, 186, 187, 188, 189, 190, 191, 192, 193, 194, 195, 196, 197, 198, 199, 200
01054, 92, 93, 94, 109, 110, 111, 112, 113, 114, 115, 129, 130, 131, 132, 133, 134, 135, 136, 148, 149, 150, 151, 152, 153, 154, 155, 156, 168, 169, 170, 171, 172, 173, 174, 175, 176, 177, 181, 182, 183, 184, 185, 186, 187, 188, 189, 190, 191, 192, 193, 194, 195, 196, 197, 198, 199, 200
01055, 92, 93, 94, 109, 110, 111, 112, 113, 114, 115, 129, 130, 131, 132, 133, 134, 135, 136, 149, 150, 151, 152, 153, 154, 155, 156, 168, 169, 170, 171, 172, 173, 174, 175, 176, 177, 181, 182, 183, 184, 185, 186, 187, 188, 189, 190, 191, 192, 193, 194, 195, 196, 197, 198, 199, 200
01056, 92, 93, 94, 109, 110, 111, 112, 113, 114, 115, 129, 130, 131, 132, 133, 134, 135, 136, 149, 150, 151, 152, 153, 154, 155, 156, 168, 169, 170, 171, 172, 173, 174, 175, 176, 177, 181, 182, 183, 184, 185, 186, 187, 188, 189, 190, 191, 192, 193, 194, 195, 196, 197, 198, 199, 200
01057, 92, 93, 94, 109, 110, 111, 112, 113, 114, 115, 129, 130, 131, 132, 133, 134, 135, 136, 149, 150, 151, 152, 153, 154, 155, 156, 168, 169, 170, 171, 172, 173, 174, 175, 176, 177, 181, 182, 183, 184, 185, 186, 187, 188, 189, 190, 191, 192, 193, 194, 195, 196, 197, 198, 199, 200
01058, 92, 93, 94, 109, 110, 111, 112, 113, 114, 115, 129, 130, 131, 132, 133, 134, 135, 136, 149, 150, 151, 152, 153, 154, 155, 156, 168, 169, 170, 171, 172, 173, 174, 175, 176, 177, 181, 182, 183, 184, 185, 186, 187, 188, 189, 190, 191, 192, 193, 194, 195, 196, 197, 198, 199, 200
01059, 92, 93, 94, 110, 111, 112, 113, 114, 115, 129, 130, 131, 132, 133, 134, 135, 136, 149, 150, 151, 152, 153, 154, 155, 156, 168, 169, 170, 171, 172, 173, 174, 175, 176, 177, 181, 182, 184, 185, 186, 187, 188, 189, 190, 191, 192, 193, 194, 195, 196, 197, 198, 199, 200
01060, 92, 93, 94, 110, 111, 112, 113, 114, 115, 129, 130, 131, 132, 133, 134, 135, 136, 149, 150, 151, 152, 153, 154, 155, 156, 168, 169, 170, 171, 172, 173, 174, 175, 176, 177, 181, 182, 184, 185, 186, 187, 188, 189, 190, 191, 192, 193, 194, 195, 196, 197, 198, 199, 200
01061, 92, 93, 94, 110, 111, 112, 113, 114, 115, 129, 130, 131, 132, 133, 134, 135, 136, 149, 150, 151, 152, 153, 154, 155, 156, 168, 169, 170, 171, 172, 173, 174, 175, 176, 177, 188, 189, 190, 191, 192, 193, 194, 195, 196, 197
01062, 92, 93, 94, 110, 111, 112, 113, 114, 115, 129, 130, 131, 132, 133, 134, 135, 136, 149, 150, 151, 152, 153, 154, 155, 156, 168, 169, 170, 171, 172, 173, 174, 175, 176, 177, 188, 189, 190, 191, 192, 193, 194, 195, 196, 197
01063, 92, 93, 94, 110, 111, 112, 113, 114, 115, 129, 130, 131, 132, 133, 134, 135, 136, 149, 150, 151, 152, 153, 154, 155, 156, 169, 170, 171, 172, 173, 174, 175, 176, 177, 188, 189, 190, 191, 192, 193, 194, 195, 196, 197
01064, 92, 93, 94, 110, 111, 112, 113, 114, 115, 129, 130, 131, 132, 133, 134, 135, 136, 149, 150, 151, 152, 153, 154, 155, 156, 169, 170, 171, 172, 173, 174, 175, 176, 177, 188, 189, 190, 191, 192, 193, 194, 195, 196, 197
01065, 92, 93, 94, 110, 111, 112, 113, 114, 115, 116, 129, 130, 131, 132, 133, 134, 135, 136, 149, 150, 151, 152, 153, 154, 155, 156, 169, 170, 171, 172, 173, 174, 175, 176, 177, 189, 190, 191, 192, 193, 194, 195, 196, 197
01066, 92, 93, 94, 110, 111, 112, 113, 114, 115, 116, 129, 130, 131, 132, 133, 134, 135, 136, 149, 150, 151, 152, 153, 154, 155, 156, 169, 170, 171, 172, 173, 174, 175, 176, 177, 189, 190, 191, 192, 193, 194, 195, 196, 197
01067, 92, 93, 94, 95, 110, 111, 112, 113, 114, 115, 116, 129, 130, 131, 132, 133, 134, 135, 136, 149, 150, 151, 152, 153, 154, 155, 156, 169, 170, 171, 172, 173, 174, 175, 176, 177, 189, 190, 191, 192, 193, 194, 195, 196, 197
01068, 92, 93, 94, 95, 110, 111, 112, 113, 114, 115, 116, 129, 130, 131, 132, 133, 134, 135, 136, 149, 150, 151, 152, 153, 154, 155, 156, 169, 170, 171, 172, 173, 174, 175, 176, 177, 189, 190, 191, 192, 193, 194, 195, 196, 197
01069, 92, 93, 94, 95, 110, 111, 112, 113, 114, 115, 116, 129, 130, 131, 132, 133, 134, 135, 136, 149, 150, 151, 152, 153, 154, 155, 156, 169, 170, 171, 172, 173, 174, 175, 176, 177, 189, 190, 191, 192, 193, 194, 195, 196, 197
01070, 92, 93, 94, 95, 110, 111, 112, 113, 114, 115, 116, 129, 130, 131, 132, 133, 134, 135, 136, 149, 150, 151, 152, 153, 154, 155, 156, 169, 170, 171, 172, 173, 174, 175, 176, 177, 189, 190, 191, 192, 193, 194, 195, 196, 197
01071, 92, 93, 94, 95, 110, 111, 112, 113, 114, 115, 116, 129, 130, 131, 132, 133, 134, 135, 136, 149, 150, 151, 152, 153, 154, 155, 156, 169, 170, 171, 172, 173, 174, 175, 176, 177, 189, 190, 191, 192, 193, 194, 195, 196, 197
01072, 92, 93, 94, 95, 110, 111, 112, 113, 114, 115, 116, 129, 130, 131, 132, 133, 134, 135, 136, 149, 150, 151, 152, 153, 154, 155, 156, 169, 170, 171, 172, 173, 174, 175, 176, 177, 189, 190, 191, 192, 193, 194, 195, 196, 197
01073, 91, 92, 93, 94, 95, 110, 111, 112, 113, 114, 115, 116, 129, 130, 131, 132, 133, 134, 135, 136, 149, 150, 151, 152, 153, 154, 155, 156, 169, 170, 171, 172, 173, 174, 175, 176, 177, 189, 190, 191, 192, 193, 194, 195, 196, 197
01074, 91, 92, 93, 94, 95, 110, 111, 112, 113, 114, 115, 116, 129, 130, 131, 132, 133, 134, 135, 136, 149, 150, 151, 152, 153, 154, 155, 156, 169, 170, 171, 172, 173, 174, 175, 176, 177, 189, 190, 191, 192, 193, 194, 195, 196, 197
01075, 91, 92, 93, 94, 95, 110, 111, 112, 113, 114, 115, 116, 130, 131, 132, 133, 134, 135, 136, 149, 150, 151, 152, 153, 154, 155, 156, 169, 170, 171, 172, 173, 174, 175, 176, 177, 189, 190, 191, 192, 193, 194, 195, 196, 197
01076, 91, 92, 93, 94, 95, 110, 111, 112, 113, 114, 115, 116, 130, 131, 132, 133, 134, 135, 136, 149, 150, 151, 152, 153, 154, 155, 156, 169, 170, 171, 172, 173, 174, 175, 176, 177, 189, 190, 191, 192, 193, 194, 195, 196, 197
01077, 91, 92, 93, 94, 95, 110, 111, 112, 113, 114, 115, 116, 130, 131, 132, 133, 134, 135, 136, 149, 150, 151, 152, 153, 154, 155, 156, 169, 170, 171, 172, 173, 174, 175, 176, 177, 189, 190, 191, 192, 193, 194, 195, 196, 197
01078, 91, 92, 93, 94, 95, 110, 111, 112, 113, 114, 115, 116, 130, 131, 132, 133, 134, 135, 136, 149, 150, 151, 152, 153, 154, 155, 156, 169, 170, 171, 172, 173, 174, 175, 176, 177, 189, 190, 191, 192, 193, 194, 195, 196, 197
01079, 91, 92, 93, 94, 95, 110, 111, 112, 113, 114, 115, 116, 130, 131, 132, 133, 134, 135, 136, 149, 150, 151, 152, 153, 154, 155, 156, 157, 169, 170, 171, 172, 173, 174, 175, 176, 177, 189, 190, 191, 192, 193, 194, 195, 196, 197
01080, 91, 92, 93, 94, 95, 110, 111, 112, 113, 114, 115, 116, 130, 131, 132, 133, 134, 135, 136, 149, 150, 151, 152, 153, 154, 155, 156, 157, 169, 170, 171, 172, 173, 174, 175, 176, 177, 189, 190, 191, 192, 193, 194, 195, 196, 197
01081, 91, 92, 93, 94, 95, 110, 111, 112, 113, 114, 115, 116, 130, 131, 132, 133, 134, 135, 136, 149, 150, 151, 152, 153, 154, 155, 156, 157, 169, 170, 171, 172, 173, 174, 175, 176, 177, 189, 190, 191, 192, 193, 194, 195, 196, 197
01082, 91, 92, 93, 94, 95, 110, 111, 112, 113, 114, 115, 116, 130, 131, 132, 133, 134, 135, 136, 149, 150, 151, 152, 153, 154, 155, 156, 157, 169, 170, 171, 172, 173, 174, 175, 176, 177, 189, 190, 191, 192, 193, 194, 195, 196, 197
01083, 91, 92, 93, 94, 95, 110, 111, 112, 113, 114, 115, 116, 130, 131, 132, 133, 134, 135, 136, 150, 151, 152, 153, 154, 155, 156, 157, 169, 170, 171, 172, 173, 174, 175, 176, 177, 190, 191, 192, 193, 194, 195, 196, 197
01084, 91, 92, 93, 94, 95, 110, 111, 112, 113, 114, 115, 116, 130, 131, 132, 133, 134, 135, 136, 150, 151, 152, 153, 154, 155, 156, 157, 169, 170, 171, 172, 173, 174, 175, 176, 177, 190, 191, 192, 193, 194, 195, 196, 197
01085, 91, 92, 93, 94, 95, 110, 111, 112, 113, 114, 115, 116, 130, 131, 132, 133, 134, 135, 136, 150, 151, 152, 153, 154, 155, 156, 157, 170, 171, 172, 173, 174, 175, 176, 177, 190, 191, 192, 193, 194, 195, 196
01086, 91, 92, 93, 94, 95, 110, 111, 112, 113, 114, 115, 116, 130, 131, 132, 133, 134, 135, 136, 150, 151, 152, 153, 154, 155, 156, 157, 170, 171, 172, 173, 174, 175, 176, 177, 190, 191, 192, 193, 194, 195, 196
01087, 74, 91, 92, 93, 94, 95, 110, 111, 112, 113, 114, 115, 116, 130, 131, 132, 133, 134, 135, 136, 150, 151, 152, 153, 154, 155, 156, 157, 170, 171, 172, 173, 174, 175, 176, 177, 190, 191, 192, 193, 194, 195, 196
01088, 74, 91, 92, 93, 94, 95, 110, 111, 112, 113, 114, 115, 116, 130, 131, 132, 133, 134, 135, 136, 150, 151, 152, 153, 154, 155, 156, 157, 170, 171, 172, 173, 174, 175, 176, 177, 190, 191, 192, 193, 194, 195, 196
01089, 74, 91, 92, 93, 94, 95, 110, 111, 112, 113, 114, 115, 116, 130, 131, 132, 133, 134, 135, 136, 150, 151, 152, 153, 154, 155, 156, 157, 170, 171, 172, 173, 174, 175, 176, 177, 190, 191, 192, 193, 194, 195, 196
01090, 74, 91, 92, 93, 94, 95, 110, 111, 112, 113, 114, 115, 116, 130, 131, 132, 133, 134, 135, 136, 150, 151, 152, 153, 154, 155, 156, 157, 170, 171, 172, 173, 174, 175, 176, 177, 190, 191, 192, 193, 194, 195, 196
01091, 74, 91, 92, 93, 94, 95, 110, 111, 112, 113, 114, 115, 116, 130, 131, 132, 133, 134, 135, 136, 150, 151, 152, 153, 154, 155, 156, 157, 170, 171, 172, 173, 174, 175, 176, 177, 190, 191, 192, 193, 194, 195, 196
01092, 74, 91, 92, 93, 94, 95, 110, 111, 112, 113, 114, 115, 116, 130, 131, 132, 133, 134, 135, 136, 150, 151, 152, 153, 154, 155, 156, 157, 170, 171, 172, 173, 174, 175, 176, 177, 190, 191, 192, 193, 194, 195, 196
01093, 73, 74, 91, 92, 93, 94, 95, 110, 111, 112, 113, 114, 115, 116, 130, 131, 132, 133, 134, 135, 136, 150, 151, 152, 153, 154, 155, 156, 157, 170, 171, 172, 173, 174, 175, 176, 177, 190, 191, 192, 193, 194, 195, 196
01094, 73, 74, 91, 92, 93, 94, 95, 110, 111, 112, 113, 114, 115, 116, 130, 131, 132, 133, 134, 135, 136, 150, 151, 152, 153, 154, 155, 156, 157, 170, 171, 172, 173, 174, 175, 176, 177, 190, 191, 192, 193, 194, 195, 196
01095, 73, 74, 91, 92, 93, 94, 95, 110, 111, 112, 113, 114, 115, 116, 130, 131, 132, 133, 134, 135, 136, 150, 151, 152, 153, 154, 155, 156, 157, 170, 171, 172, 173, 174, 175, 176, 177, 190, 191, 192, 193, 194, 195, 196
01096, 73, 74, 91, 92, 93, 94, 95, 110, 111, 112, 113, 114, 115, 116, 130, 131, 132, 133, 134, 135, 136, 150, 151, 152, 153, 154, 155, 156, 157, 170, 171, 172, 173, 174, 175, 176, 177, 190, 191, 192, 193, 194, 195, 196
01097, 73, 74, 91, 92, 93, 94, 95, 110, 111, 112, 113, 114, 115, 116, 130, 131, 132, 133, 134, 135, 136, 150, 151, 152, 153, 154, 155, 156, 157, 170, 171, 172, 173, 174, 175, 176, 177, 190, 191, 192, 193, 194, 195, 196
01098, 73, 74, 91, 92, 93, 94, 95, 110, 111, 112, 113, 114, 115, 116, 130, 131, 132, 133, 134, 135, 136, 150, 151, 152, 153, 154, 155, 156, 157, 170, 171, 172, 173, 174, 175, 176, 177, 190, 191, 192, 193, 194, 195, 196
01099, 74, 91, 92, 93, 94, 95, 110, 111, 112, 113, 114, 115, 116, 130, 131, 132, 133, 134, 135, 136, 150, 151, 152, 153, 154, 155, 156, 157, 170, 171, 172, 173, 174, 175, 176, 177, 190, 191, 192, 193, 194, 195, 196
01100, 74, 91, 92, 93, 94, 95, 110, 111, 112, 113, 114, 115, 116, 130, 131, 132, 133, 134, 135, 136, 150, 151, 152, 153, 154, 155, 156, 157, 170, 171, 172, 173, 174, 175, 176, 177, 190, 191, 192, 193, 194, 195, 196
01101, 74, 91, 92, 93, 94, 95, 110, 111, 112, 113, 114, 115, 116, 130, 131, 132, 133, 134, 135, 136, 150, 151, 152, 153, 154, 155, 156, 157, 170, 171, 172, 173, 174, 175, 176, 177, 190, 191, 192, 193, 194, 195, 196
01102, 74, 91, 92, 93, 94, 95, 110, 111, 112, 113, 114, 115, 116, 130, 131, 132, 133, 134, 135, 136, 150, 151, 152, 153, 154, 155, 156, 157, 170, 171, 172, 173, 174, 175, 176, 177, 190, 191, 192, 193, 194, 195, 196
01103, 73, 74, 91, 92, 93, 94, 95, 110, 111, 112, 113, 114, 115, 116, 130, 131, 132, 133, 134, 135, 136, 150, 151, 152, 153, 154, 155, 156, 157, 170, 171, 172, 173, 174, 175, 176, 177, 190, 191, 192, 193, 194, 195, 196
01104, 73, 74, 91, 92, 93, 94, 95, 110, 111, 112, 113, 114, 115, 116, 130, 131, 132, 133, 134, 135, 136, 150, 151, 152, 153, 154, 155, 156, 157, 170, 171, 172, 173, 174, 175, 176, 177, 190, 191, 192, 193, 194, 195, 196
01105, 73, 74, 91, 92, 93, 94, 95, 110, 111, 112, 113, 114, 115, 116, 130, 131, 132, 133, 134, 135, 136, 150, 151, 152, 153, 154, 155, 156, 157, 170, 171, 172, 173, 174, 175, 176, 177, 190, 191, 192, 193, 194, 195, 196
01106, 73, 74, 91, 92, 93, 94, 95, 110, 111, 112, 113, 114, 115, 116, 130, 131, 132, 133, 134, 135, 136, 150, 151, 152, 153, 154, 155, 156, 157, 170, 171, 172, 173, 174, 175, 176, 177, 190, 191, 192, 193, 194, 195, 196
01107, 73, 74, 91, 92, 93, 94, 95, 110, 111, 112, 113, 114, 115, 116, 130, 131, 132, 133, 134, 135, 136, 150, 151, 152, 153, 154, 155, 156, 157, 170, 171, 172, 173, 174, 175, 176, 177, 190, 191, 192, 193, 194, 195, 196
01108, 73, 74, 91, 92, 93, 94, 95, 110, 111, 112, 113, 114, 115, 116, 130, 131, 132, 133, 134, 135, 136, 150, 151, 152, 153, 154, 155, 156, 157, 170, 171, 172, 173, 174, 175, 176, 177, 190, 191, 192, 193, 194, 195, 196
01109, 73, 74, 91, 92, 93, 94, 95, 110, 111, 112, 113, 114, 115, 116, 130, 131, 132, 133, 134, 135, 136, 150, 151, 152, 153, 154, 155, 156, 157, 170, 171, 172, 173, 174, 175, 176, 177, 190, 191, 192, 193, 194, 195, 196
01110, 73, 74, 91, 92, 93, 94, 95, 110, 111, 112, 113, 114, 115, 116, 130, 131, 132, 133, 134, 135, 136, 150, 151, 152, 153, 154, 155, 156, 157, 170, 171, 172, 173, 174, 175, 176, 177, 190, 191, 192, 193, 194, 195, 196
01111, 73, 74, 91, 92, 93, 94, 95, 110, 111, 112, 113, 114, 115, 116, 130, 131, 132, 133, 134, 135, 136, 150, 151, 152, 153, 154, 155, 156, 157, 170, 171, 172, 173, 174, 175, 176, 177, 190, 191, 192, 193, 194, 195, 196
01112, 73, 74, 91, 92, 93, 94, 95, 110, 111, 112, 113, 114, 115, 116, 130, 131, 132, 133, 134, 135, 136, 150, 151, 152, 153, 154, 155, 156, 157, 170, 171, 172, 173, 174, 175, 176, 177, 190, 191, 192, 193, 194, 195, 196
01113, 73, 74, 91, 92, 93, 94, 95, 110, 111, 112, 113, 114, 115, 116, 130, 131, 132, 133, 134, 135, 136, 150, 151, 152, 153, 154, 155, 156, 157, 170, 171, 172, 173, 174, 175, 176, 177, 190, 191, 192, 193, 194, 195, 196
01114, 73, 74, 91, 92, 93, 94, 95, 110, 111, 112, 113, 114, 115, 116, 130, 131, 132, 133, 134, 135, 136, 150, 151, 152, 153, 154, 155, 156, 157, 170, 171, 172, 173, 174, 175, 176, 177, 190, 191, 192, 193, 194, 195, 196
01115, 73, 74, 91, 92, 93, 94, 95, 110, 111, 112, 113, 114, 115, 116, 130, 131, 132, 133, 134, 135, 136, 150, 151, 152, 153, 154, 155, 156, 157, 170, 171, 172, 173, 174, 175, 176, 177, 190, 191, 192, 193, 194, 195, 196
01116, 73, 74, 91, 92, 93, 94, 95, 110, 111, 112, 113, 114, 115, 116, 130, 131, 132, 133, 134, 135, 136, 150, 151, 152, 153, 154, 155, 156, 157, 170, 171, 172, 173, 174, 175, 176, 177, 190, 191, 192, 193, 194, 195, 196
01117, 73, 74, 91, 92, 93, 94, 95, 110, 111, 112, 113, 114, 115, 116, 130, 131, 132, 133, 134, 135, 136, 150, 151, 152, 153, 154, 155, 156, 157, 170, 171, 172, 173, 174, 175, 176, 177, 190, 191, 192, 193, 194, 195, 196
01118, 73, 74, 91, 92, 93, 94, 95, 110, 111, 112, 113, 114, 115, 116, 130, 131, 132, 133, 134, 135, 136, 150, 151, 152, 153, 154, 155, 156, 157, 170, 171, 172, 173, 174, 175, 176, 177, 190, 191, 192, 193, 194, 195, 196
01119, 73, 74, 91, 92, 93, 94, 95, 110, 111, 112, 113, 114, 115, 116, 130, 131, 132, 133, 134, 135, 136, 150, 151, 152, 153, 154, 155, 156, 157, 170, 171, 172, 173, 174, 175, 176, 177, 190, 191, 192, 193, 194, 195, 196
01120, 73, 74, 91, 92, 93, 94, 95, 110, 111, 112, 113, 114, 115, 116, 130, 131, 132, 133, 134, 135, 136, 150, 151, 152, 153, 154, 155, 156, 157, 170, 171, 172, 173, 174, 175, 176, 177, 190, 191, 192, 193, 194, 195, 196
01121, 73, 74, 91, 92, 93, 94, 95, 110, 111, 112, 113, 114, 115, 116, 130, 131, 132, 133, 134, 135, 136, 150, 151, 152, 153, 154, 155, 156, 157, 170, 171, 172, 173, 174, 175, 176, 177, 190, 191, 192, 193, 194, 195, 196
01122, 73, 74, 91, 92, 93, 94, 95, 110, 111, 112, 113, 114, 115, 116, 130, 131, 132, 133, 134, 135, 136, 150, 151, 152, 153, 154, 155, 156, 157, 170, 171, 172, 173, 174, 175, 176, 177, 190, 191, 192, 193, 194, 195, 196
01123, 73, 74, 91, 92, 93, 94, 95, 110, 111, 112, 113, 114, 115, 116, 130, 131, 132, 133, 134, 135, 136, 150, 151, 152, 153, 154, 155, 156, 157, 170, 171, 172, 173, 174, 175, 176, 177, 190, 191, 192, 193, 194, 195, 196
01124, 73, 74, 91, 92, 93, 94, 95, 110, 111, 112, 113, 114, 115, 116, 130, 131, 132, 133, 134, 135, 136, 150, 151, 152, 153, 154, 155, 156, 157, 170, 171, 172, 173, 174, 175, 176, 177, 190, 191, 192, 193, 194, 195, 196
01125, 73, 74, 91, 92, 93, 94, 95, 110, 111, 112, 113, 114, 115, 116, 130, 131, 132, 133, 134, 135, 136, 150, 151, 152, 153, 154, 155, 156, 157, 170, 171, 172, 173, 174, 175, 176, 177, 190, 191, 192, 193, 194, 195, 196
01126, 73, 74, 91, 92, 93, 94, 95, 110, 111, 112, 113, 114, 115, 116, 130, 131, 132, 133, 134, 135, 136, 150, 151, 152, 153, 154, 155, 156, 157, 170, 171, 172, 173, 174, 175, 176, 177, 190, 191, 192, 193, 194, 195, 196
01127, 73, 74, 91, 92, 93, 94, 95, 110, 111, 112, 113, 114, 115, 116, 130, 131, 132, 133, 134, 135, 136, 150, 151, 152, 153, 154, 155, 156, 157, 170, 171, 172, 173, 174, 175, 176, 177, 190, 191, 192, 193, 194, 195, 196
01128, 73, 74, 91, 92, 93, 94, 95, 110, 111, 112, 113, 114, 115, 116, 130, 131, 132, 133, 134, 135, 136, 150, 151, 152, 153, 154, 155, 156, 157, 170, 171, 172, 173, 174, 175, 176, 177, 190, 191, 192, 193, 194, 195, 196
01129, 73, 74, 91, 92, 93, 94, 95, 110, 111, 112, 113, 114, 115, 116, 130, 131, 132, 133, 134, 135, 136, 150, 151, 152, 153, 154, 155, 156, 157, 170, 171, 172, 173, 174, 175, 176, 177, 190, 191, 192, 193, 194, 195, 196
01130, 73, 74, 91, 92, 93, 94, 95, 110, 111, 112, 113, 114, 115, 116, 130, 131, 132, 133, 134, 135, 136, 150, 151, 152, 153, 154, 155, 156, 157, 170, 171, 172, 173, 174, 175, 176, 177, 190, 191, 192, 193, 194, 195, 196
01131, 73, 74, 91, 92, 93, 94, 95, 110, 111, 112, 113, 114, 115, 116, 130, 131, 132, 133, 134, 135, 136, 150, 151, 152, 153, 154, 155, 156, 157, 170, 171, 172, 173, 174, 175, 176, 177, 190, 191, 192, 193, 194, 195, 196
01132, 73, 74, 91, 92, 93, 94, 95, 110, 111, 112, 113, 114, 115, 116, 130, 131, 132, 133, 134, 135, 136, 150, 151, 152, 153, 154, 155, 156, 157, 170, 171, 172, 173, 174, 175, 176, 177, 190, 191, 192, 193, 194, 195, 196
01133, 74, 91, 92, 93, 94, 95, 110, 111, 112, 113, 114, 115, 116, 130, 131, 132, 133, 134, 135, 136, 137, 150, 151, 152, 153, 154, 155, 156, 157, 170, 171, 172, 173, 174, 175, 176, 177, 190, 191, 192, 193, 194, 195, 196
01134, 74, 91, 92, 93, 94, 95, 110, 111, 112, 113, 114, 115, 116, 130, 131, 132, 133, 134, 135, 136, 137, 150, 151, 152, 153, 154, 155, 156, 157, 170, 171, 172, 173, 174, 175, 176, 177, 190, 191, 192, 193, 194, 195, 196
01135, 74, 91, 92, 93, 94, 95, 110, 111, 112, 113, 114, 115, 116, 130, 131, 132, 133, 134, 135, 136, 137, 150, 151, 152, 153, 154, 155, 156, 157, 170, 171, 172, 173, 174, 175, 176, 177, 190, 191, 192, 193, 194, 195, 196
01136, 74, 91, 92, 93, 94, 95, 110, 111, 112, 113, 114, 115, 116, 130, 131, 132, 133, 134, 135, 136, 137, 150, 151, 152, 153, 154, 155, 156, 157, 170, 171, 172, 173, 174, 175, 176, 177, 190, 191, 192, 193, 194, 195, 196
01137, 74, 91, 92, 93, 94, 95, 110, 111, 112, 113, 114, 115, 116, 130, 131, 132, 133, 134, 135, 136, 137, 150, 151, 152, 153, 154, 155, 156, 157, 170, 171, 172, 173, 174, 175, 176, 177, 190, 191, 192, 193, 194, 195, 196
01138, 74, 91, 92, 93, 94, 95, 110, 111, 112, 113, 114, 115, 116, 130, 131, 132, 133, 134, 135, 136, 137, 150, 151, 152, 153, 154, 155, 156, 157, 170, 171, 172, 173, 174, 175, 176, 177, 190, 191, 192, 193, 194, 195, 196
01139, 74, 91, 92, 93, 94, 95, 96, 110, 111, 112, 113, 114, 115, 116, 130, 131, 132, 133, 134, 135, 136, 137, 150, 151, 152, 153, 154, 155, 156, 157, 170, 171, 172, 173, 174, 175, 176, 177, 190, 191, 192, 193, 194, 195, 196, 197
01140, 74, 91, 92, 93, 94, 95, 96, 110, 111, 112, 113, 114, 115, 116, 130, 131, 132, 133, 134, 135, 136, 137, 150, 151, 152, 153, 154, 155, 156, 157, 170, 171, 172, 173, 174, 175, 176, 177, 190, 191, 192, 193, 194, 195, 196, 197
01141, 74, 91, 92, 93, 94, 95, 96, 110, 111, 112, 113, 114, 115, 116, 130, 131, 132, 133, 134, 135, 136, 137, 150, 151, 152, 153, 154, 155, 156, 157, 170, 171, 172, 173, 174, 175, 176, 177, 190, 191, 192, 193, 194, 195, 196, 197
01142, 74, 91, 92, 93, 94, 95, 96, 110, 111, 112, 113, 114, 115, 116, 130, 131, 132, 133, 134, 135, 136, 137, 150, 151, 152, 153, 154, 155, 156, 157, 170, 171, 172, 173, 174, 175, 176, 177, 190, 191, 192, 193, 194, 195, 196, 197
01143, 74, 91, 92, 93, 94, 95, 96, 111, 112, 113, 114, 115, 116, 117, 130, 131, 132, 133, 134, 135, 136, 137, 150, 151, 152, 153, 154, 155, 156, 157, 170, 171, 172, 173, 174, 175, 176, 177, 190, 191, 192, 193, 194, 195, 196, 197
01144, 74, 91, 92, 93, 94, 95, 96, 111, 112, 113, 114, 115, 116, 117, 130, 131, 132, 133, 134, 135, 136, 137, 150, 151, 152, 153, 154, 155, 156, 157, 170, 171, 172, 173, 174, 175, 176, 177, 190, 191, 192, 193, 194, 195, 196, 197
01145, 74, 91, 92, 93, 94, 95, 96, 111, 112, 113, 114, 115, 116, 117, 130, 131, 132, 133, 134, 135, 136, 137, 150, 151, 152, 153, 154, 155, 156, 157, 170, 171, 172, 173, 174, 175, 176, 177, 191, 192, 193, 194, 195, 196, 197
01146, 74, 91, 92, 93, 94, 95, 96, 111, 112, 113, 114, 115, 116, 117, 130, 131, 132, 133, 134, 135, 136, 137, 150, 151, 152, 153, 154, 155, 156, 157, 170, 171, 172, 173, 174, 175, 176, 177, 191, 192, 193, 194, 195, 196, 197
01147, 74, 75, 92, 93, 94, 95, 96, 111, 112, 113, 114, 115, 116, 117, 130, 131, 132, 133, 134, 135, 136, 137, 150, 151, 152, 153, 154, 155, 156, 157, 170, 171, 172, 173, 174, 175, 176, 177, 191, 192, 193, 194, 195, 196, 197
01148, 74, 75, 92, 93, 94, 95, 96, 111, 112, 113, 114, 115, 116, 117, 130, 131, 132, 133, 134, 135, 136, 137, 150, 151, 152, 153, 154, 155, 156, 157, 170, 171, 172, 173, 174, 175, 176, 177, 191, 192, 193, 194, 195, 196, 197
01149, 74, 75, 92, 93, 94, 95, 96, 111, 112, 113, 114, 115, 116, 117, 131, 132, 133, 134, 135, 136, 137, 150, 151, 152, 153, 154, 155, 156, 157, 171, 172, 173, 174, 175, 176, 177, 191, 192, 193, 194, 195, 196, 197
01150, 74, 75, 92, 93, 94, 95, 96, 111, 112, 113, 114, 115, 116, 117, 131, 132, 133, 134, 135, 136, 137, 150, 151, 152, 153, 154, 155, 156, 157, 171, 172, 173, 174, 175, 176, 177, 191, 192, 193, 194, 195, 196, 197
01151, 74, 75, 92, 93, 94, 95, 96, 111, 112, 113, 114, 115, 116, 117, 131, 132, 133, 134, 135, 136, 137, 151, 152, 153, 154, 155, 156, 157, 171, 172, 173, 174, 175, 176, 177, 191, 192, 193, 194, 195, 196, 197
01152, 74, 75, 92, 93, 94, 95, 96, 111, 112, 113, 114, 115, 116, 117, 131, 132, 133, 134, 135, 136, 137, 151, 152, 153, 154, 155, 156, 157, 171, 172, 173, 174, 175, 176, 177, 191, 192, 193, 194, 195, 196, 197
01153, 74, 75, 92, 93, 94, 95, 96, 111, 112, 113, 114, 115, 116, 117, 131, 132, 133, 134, 135, 136, 137, 151, 152, 153, 154, 155, 156, 157, 171, 172, 173, 174, 175, 176, 177, 191, 192, 193, 194, 195, 196, 197
01154, 74, 75, 92, 93, 94, 95, 96, 111, 112, 113, 114, 115, 116, 117, 131, 132, 133, 134, 135, 136, 137, 151, 152, 153, 154, 155, 156, 157, 171, 172, 173, 174, 175, 176, 177, 191, 192, 193, 194, 195, 196, 197
01155, 74, 75, 92, 93, 94, 95, 96, 111, 112, 113, 114, 115, 116, 117, 131, 132, 133, 134, 135, 136, 137, 151, 152, 153, 154, 155, 156, 157, 171, 172, 173, 174, 175, 176, 177, 191, 192, 193, 194, 195, 196, 197
01156, 74, 75, 92, 93, 94, 95, 96, 111, 112, 113, 114, 115, 116, 117, 131, 132, 133, 134, 135, 136, 137, 151, 152, 153, 154, 155, 156, 157, 171, 172, 173, 174, 175, 176, 177, 191, 192, 193, 194, 195, 196, 197
01157, 74, 75, 92, 93, 94, 95, 96, 97, 111, 112, 113, 114, 115, 116, 117, 131, 132, 133, 134, 135, 136, 137, 138, 151, 152, 153, 154, 155, 156, 157, 158, 171, 172, 173, 174, 175, 176, 177, 178, 191, 192, 193, 194, 195, 196, 197
01158, 74, 75, 92, 93, 94, 95, 96, 97, 111, 112, 113, 114, 115, 116, 117, 131, 132, 133, 134, 135, 136, 137, 138, 151, 152, 153, 154, 155, 156, 157, 158, 171, 172, 173, 174, 175, 176, 177, 178, 191, 192, 193, 194, 195, 196, 197
01159, 75, 92, 93, 94, 95, 96, 97, 111, 112, 113, 114, 115, 116, 117, 131, 132, 133, 134, 135, 136, 137, 138, 151, 152, 153, 154, 155, 156, 157, 158, 171, 172, 173, 174, 175, 176, 177, 178, 192, 193, 194, 195, 196, 197
01160, 75, 92, 93, 94, 95, 96, 97, 111, 112, 113, 114, 115, 116, 117, 131, 132, 133, 134, 135, 136, 137, 138, 151, 152, 153, 154, 155, 156, 157, 158, 171, 172, 173, 174, 175, 176, 177, 178, 192, 193, 194, 195, 196, 197
01161, 75, 76, 92, 93, 94, 95, 96, 97, 112, 113, 114, 115, 116, 117, 118, 131, 132, 133, 134, 135, 136, 137, 138, 151, 152, 153, 154, 155, 156, 157, 158, 171, 172, 173, 174, 175, 176, 177, 178, 192, 193, 194, 195, 196, 197
01162, 75, 76, 92, 93, 94, 95, 96, 97, 112, 113, 114, 115, 116, 117, 118, 131, 132, 133, 134, 135, 136, 137, 138, 151, 152, 153, 154, 155, 156, 157, 158, 171, 172, 173, 174, 175, 176, 177, 178, 192, 193, 194, 195, 196, 197
01163, 75, 76, 93, 94, 95, 96, 97, 112, 113, 114, 115, 116, 117, 118, 132, 133, 134, 135, 136, 137, 138, 152, 153, 154, 155, 156, 157, 158, 172, 173, 174, 175, 176, 177, 178, 192, 193, 194, 195, 196, 197, 198
01164, 75, 76, 93, 94, 95, 96, 97, 112, 113, 114, 115, 116, 117, 118, 132, 133, 134, 135, 136, 137, 138, 152, 153, 154, 155, 156, 157, 158, 172, 173, 174, 175, 176, 177, 178, 192, 193, 194, 195, 196, 197, 198
01165, 75, 76, 93, 94, 95, 96, 97, 112, 113, 114, 115, 116, 117, 118, 132, 133, 134, 135, 136, 137, 138, 152, 153, 154, 155, 156, 157, 158, 172, 173, 174, 175, 176, 177, 178, 193, 194, 195, 196, 197, 198
01166, 75, 76, 93, 94, 95, 96, 97, 112, 113, 114, 115, 116, 117, 118, 132, 133, 134, 135, 136, 137, 138, 152, 153, 154, 155, 156, 157, 158, 172, 173, 174, 175, 176, 177, 178, 193, 194, 195, 196, 197, 198
01167, 75, 76, 93, 94, 95, 96, 97, 98, 112, 113, 114, 115, 116, 117, 118, 132, 133, 134, 135, 136, 137, 138, 152, 153, 154, 155, 156, 157, 158, 172, 173, 174, 175, 176, 177, 178, 193, 194, 195, 196, 197, 198
01168, 75, 76, 93, 94, 95, 96, 97, 98, 112, 113, 114, 115, 116, 117, 118, 132, 133, 134, 135, 136, 137, 138, 152, 153, 154, 155, 156, 157, 158, 172, 173, 174, 175, 176, 177, 178, 193, 194, 195, 196, 197, 198
01169, 75, 76, 77, 93, 94, 95, 96, 97, 98, 113, 114, 115, 116, 117, 118, 132, 133, 134, 135, 136, 137, 138, 139, 152, 153, 154, 155, 156, 157, 158, 159, 173, 174, 175, 176, 177, 178, 179, 193, 194, 195, 196, 197, 198
01170, 75, 76, 77, 93, 94, 95, 96, 97, 98, 113, 114, 115, 116, 117, 118, 132, 133, 134, 135, 136, 137, 138, 139, 152, 153, 154, 155, 156, 157, 158, 159, 173, 174, 175, 176, 177, 178, 179, 193, 194, 195, 196, 197, 198
01171, 75, 76, 77, 93, 94, 95, 96, 97, 98, 113, 114, 115, 116, 117, 118, 119, 133, 134, 135, 136, 137, 138, 139, 153, 154, 155, 156, 157, 158, 159, 173, 174, 175, 176, 177, 178, 179, 194, 195, 196, 197, 198
01172, 75, 76, 77, 93, 94, 95, 96, 97, 98, 113, 114, 115, 116, 117, 118, 119, 133, 134, 135, 136, 137, 138, 139, 153, 154, 155, 156, 157, 158, 159, 173, 174, 175, 176, 177, 178, 179, 194, 195, 196, 197, 198
01173, 75, 76, 77, 93, 94, 95, 96, 97, 98, 113, 114, 115, 116, 117, 118, 119, 133, 134, 135, 136, 137, 138, 139, 153, 154, 155, 156, 157, 158, 159, 173, 174, 175, 176, 177, 178, 179, 194, 195, 196, 197, 198
01174, 75, 76, 77, 93, 94, 95, 96, 97, 98, 113, 114, 115, 116, 117, 118, 119, 133, 134, 135, 136, 137, 138, 139, 153, 154, 155, 156, 157, 158, 159, 173, 174, 175, 176, 177, 178, 179, 194, 195, 196, 197, 198
01175, 76, 77, 94, 95, 96, 97, 98, 113, 114, 115, 116, 117, 118, 119, 133, 134, 135, 136, 137, 138, 139, 153, 154, 155, 156, 157, 158, 159, 173, 174, 175, 176, 177, 178, 179, 194, 195, 196, 197, 198
01176, 76, 77, 94, 95, 96, 97, 98, 113, 114, 115, 116, 117, 118, 119, 133, 134, 135, 136, 137, 138, 139, 153, 154, 155, 156, 157, 158, 159, 173, 174, 175, 176, 177, 178, 179, 194, 195, 196, 197, 198
01177, 76, 77, 78, 94, 95, 96, 97, 98, 99, 113, 114, 115, 116, 117, 118, 119, 133, 134, 135, 136, 137, 138, 139, 153, 154, 155, 156, 157, 158, 159, 173, 174, 175, 176, 177, 178, 179, 195, 196, 197, 198
01178, 76, 77, 78, 94, 95, 96, 97, 98, 99, 113, 114, 115, 116, 117, 118, 119, 133, 134, 135, 136, 137, 138, 139, 153, 154, 155, 156, 157, 158, 159, 173, 174, 175, 176, 177, 178, 179, 195, 196, 197, 198
01179, 76, 77, 78, 94, 95, 96, 97, 98, 99, 113, 114, 115, 116, 117, 118, 119, 133, 134, 135, 136, 137, 138, 139, 153, 154, 155, 156, 157, 158, 159, 174, 175, 176, 177, 178, 179, 195, 196, 197
01180, 76, 77, 78, 94, 95, 96, 97, 98, 99, 113, 114, 115, 116, 117, 118, 119, 133, 134, 135, 136, 137, 138, 139, 153, 154, 155, 156, 157, 158, 159, 174, 175, 176, 177, 178, 179, 195, 196, 197
01181, 76, 77, 78, 94, 95, 96, 97, 98, 99, 114, 115, 116, 117, 118, 119, 133, 134, 135, 136, 137, 138, 139, 154, 155, 156, 157, 158, 159, 174, 175, 176, 177, 178, 179
01182, 76, 77, 78, 94, 95, 96, 97, 98, 99, 114, 115, 116, 117, 118, 119, 133, 134, 135, 136, 137, 138, 139, 154, 155, 156, 157, 158, 159, 174, 175, 176, 177, 178, 179
01183, 57, 75, 76, 77, 78, 94, 95, 96, 97, 98, 99, 114, 115, 116, 117, 118, 119, 134, 135, 136, 137, 138, 139, 154, 155, 156, 157, 158, 159, 174, 175, 176, 177, 178, 179
01184, 57, 75, 76, 77, 78, 94, 95, 96, 97, 98, 99, 114, 115, 116, 117, 118, 119, 134, 135, 136, 137, 138, 139, 154, 155, 156, 157, 158, 159, 174, 175, 176, 177, 178, 179
01185, 57, 75, 76, 77, 78, 79, 94, 95, 96, 97, 98, 99, 114, 115, 116, 117, 118, 119, 134, 135, 136, 137, 138, 139, 154, 155, 156, 157, 158, 159, 175, 176, 177, 178, 179
01186, 57, 75, 76, 77, 78, 79, 94, 95, 96, 97, 98, 99, 114, 115, 116, 117, 118, 119, 134, 135, 136, 137, 138, 139, 154, 155, 156, 157, 158, 159, 175, 176, 177, 178, 179
01187, 57, 58, 75, 76, 77, 78, 79, 94, 95, 96, 97, 98, 99, 114, 115, 116, 117, 118, 119, 120, 134, 135, 136, 137, 138, 139, 140, 154, 155, 156, 157, 158, 159, 175, 176, 177, 178, 179
01188, 57, 58, 75, 76, 77, 78, 79, 94, 95, 96, 97, 98, 99, 114, 115, 116, 117, 118, 119, 120, 134, 135, 136, 137, 138, 139, 140, 154, 155, 156, 157, 158, 159, 175, 176, 177, 178, 179
01189, 57, 58, 75, 76, 77, 78, 79, 94, 95, 96, 97, 98, 99, 114, 115, 116, 117, 118, 119, 120, 134, 135, 136, 137, 138, 139, 140, 154, 155, 156, 157, 158, 159, 175, 176, 177, 178, 179
01190, 57, 58, 75, 76, 77, 78, 79, 94, 95, 96, 97, 98, 99, 114, 115, 116, 117, 118, 119, 120, 134, 135, 136, 137, 138, 139, 140, 154, 155, 156, 157, 158, 159, 175, 176, 177, 178, 179
01191, 57, 58, 75, 76, 77, 78, 79, 94, 95, 96, 97, 98, 99, 114, 115, 116, 117, 118, 119, 120, 134, 135, 136, 137, 138, 139, 140, 154, 155, 156, 157, 158, 159, 175, 176, 177, 178
01192, 57, 58, 75, 76, 77, 78, 79, 94, 95, 96, 97, 98, 99, 114, 115, 116, 117, 118, 119, 120, 134, 135, 136, 137, 138, 139, 140, 154, 155, 156, 157, 158, 159, 175, 176, 177, 178
01193, 57, 58, 74, 75, 76, 77, 78, 79, 94, 95, 96, 97, 98, 99, 114, 115, 116, 117, 118, 119, 120, 134, 135, 136, 137, 138, 139, 140, 154, 155, 156, 157, 158, 159, 175, 176, 177, 178
01194, 57, 58, 74, 75, 76, 77, 78, 79, 94, 95, 96, 97, 98, 99, 114, 115, 116, 117, 118, 119, 120, 134, 135, 136, 137, 138, 139, 140, 154, 155, 156, 157, 158, 159, 175, 176, 177, 178
01195, 56, 57, 58, 74, 75, 76, 77, 78, 79, 94, 95, 96, 97, 98, 99, 114, 115, 116, 117, 118, 119, 120, 134, 135, 136, 137, 138, 139, 154, 155, 156, 157, 158, 159, 175, 176, 177, 178
01196, 56, 57, 58, 74, 75, 76, 77, 78, 79, 94, 95, 96, 97, 98, 99, 114, 115, 116, 117, 118, 119, 120, 134, 135, 136, 137, 138, 139, 154, 155, 156, 157, 158, 159, 175, 176, 177, 178
01197, 56, 57, 58, 74, 75, 76, 77, 78, 79, 94, 95, 96, 97, 98, 99, 114, 115, 116, 117, 118, 119, 134, 135, 136, 137, 138, 139, 154, 155, 156, 157, 158, 159, 175, 176, 177, 178
01198, 56, 57, 58, 74, 75, 76, 77, 78, 79, 94, 95, 96, 97, 98, 99, 114, 115, 116, 117, 118, 119, 134, 135, 136, 137, 138, 139, 154, 155, 156, 157, 158, 159, 175, 176, 177, 178
01199, 56, 57, 58, 74, 75, 76, 77, 78, 79, 94, 95, 96, 97, 98, 99, 114, 115, 116, 117, 118, 119, 134, 135, 136, 137, 138, 139, 154, 155, 156, 157, 158, 159, 175, 176, 177, 178
01200, 56, 57, 58, 74, 75, 76, 77, 78, 79, 94, 95, 96, 97, 98, 99, 114, 115, 116, 117, 118, 119, 134, 135, 136, 137, 138, 139, 154, 155, 156, 157, 158, 159, 175, 176, 177, 178
01201, 56, 57, 58, 74, 75, 76, 77, 78, 79, 94, 95, 96, 97, 98, 99, 113, 114, 115, 116, 117, 118, 119, 134, 135, 136, 137, 138, 139, 154, 155, 156, 157, 158, 159, 175, 176, 177
01202, 56, 57, 58, 74, 75, 76, 77, 78, 79, 94, 95, 96, 97, 98, 99, 113, 114, 115, 116, 117, 118, 119, 134, 135, 136, 137, 138, 139, 154, 155, 156, 157, 158, 159, 175, 176, 177
01203, 56, 57, 58, 74, 75, 76, 77, 78, 93, 94, 95, 96, 97, 98, 99, 113, 114, 115, 116, 117, 118, 119, 133, 134, 135, 136, 137, 138, 139, 154, 155, 156, 157, 158, 175, 176, 177
01204, 56, 57, 58, 74, 75, 76, 77, 78, 93, 94, 95, 96, 97, 98, 99, 113, 114, 115, 116, 117, 118, 119, 133, 134, 135, 136, 137, 138, 139, 154, 155, 156, 157, 158, 175, 176, 177
01205, 55, 56, 57, 58, 74, 75, 76, 77, 78, 93, 94, 95, 96, 97, 98, 99, 113, 114, 115, 116, 117, 118, 119, 133, 134, 135, 136, 137, 138, 139, 154, 155, 156, 157, 158, 175, 176, 177
01206, 55, 56, 57, 58, 74, 75, 76, 77, 78, 93, 94, 95, 96, 97, 98, 99, 113, 114, 115, 116, 117, 118, 119, 133, 134, 135, 136, 137, 138, 139, 154, 155, 156, 157, 158, 175, 176, 177
01207, 55, 56, 57, 58, 74, 75, 76, 77, 78, 93, 94, 95, 96, 97, 98, 99, 113, 114, 115, 116, 117, 118, 119, 133, 134, 135, 136, 137, 138, 139, 154, 155, 156, 157, 158, 175, 176, 177
01208, 55, 56, 57, 58, 74, 75, 76, 77, 78, 93, 94, 95, 96, 97, 98, 99, 113, 114, 115, 116, 117, 118, 119, 133, 134, 135, 136, 137, 138, 139, 154, 155, 156, 157, 158, 175, 176, 177
01209, 55, 56, 57, 58, 74, 75, 76, 77, 78, 93, 94, 95, 96, 97, 98, 99, 113, 114, 115, 116, 117, 118, 119, 133, 134, 135, 136, 137, 138, 139, 154, 155, 156, 157, 158, 175, 176, 177
01210, 55, 56, 57, 58, 74, 75, 76, 77, 78, 93, 94, 95, 96, 97, 98, 99, 113, 114, 115, 116, 117, 118, 119, 133, 134, 135, 136, 137, 138, 139, 154, 155, 156, 157, 158, 175, 176, 177
01211, 55, 56, 57, 58, 74, 75, 76, 77, 78, 93, 94, 95, 96, 97, 98, 99, 113, 114, 115, 116, 117, 118, 119, 133, 134, 135, 136, 137, 138, 139, 154, 155, 156, 157, 158, 175, 176, 177
01212, 55, 56, 57, 58, 74, 75, 76, 77, 78, 93, 94, 95, 96, 97, 98, 99, 113, 114, 115, 116, 117, 118, 119, 133, 134, 135, 136, 137, 138, 139, 154, 155, 156, 157, 158, 175, 176, 177
01213, 56, 57, 58, 74, 75, 76, 77, 78, 93, 94, 95, 96, 97, 98, 99, 113, 114, 115, 116, 117, 118, 119, 133, 134, 135, 136, 137, 138, 139, 154, 155, 156, 157, 158, 175, 176, 177
01214, 56, 57, 58, 74, 75, 76, 77, 78, 93, 94, 95, 96, 97, 98, 99, 113, 114, 115, 116, 117, 118, 119, 133, 134, 135, 136, 137, 138, 139, 154, 155, 156, 157, 158, 175, 176, 177
01215, 56, 57, 58, 74, 75, 76, 77, 78, 79, 93, 94, 95, 96, 97, 98, 99, 113, 114, 115, 116, 117, 118, 119, 133, 134, 135, 136, 137, 138, 139, 154, 155, 156, 157, 158, 175, 176, 177
01216, 56, 57, 58, 74, 75, 76, 77, 78, 79, 93, 94, 95, 96, 97, 98, 99, 113, 114, 115, 116, 117, 118, 119, 133, 134, 135, 136, 137, 138, 139, 154, 155, 156, 157, 158, 175, 176, 177
01217, 56, 57, 58, 74, 75, 76, 77, 78, 79, 93, 94, 95, 96, 97, 98, 99, 113, 114, 115, 116, 117, 118, 119, 134, 135, 136, 137, 138, 139, 154, 155, 156, 157, 158, 175, 176, 177
01218, 56, 57, 58, 74, 75, 76, 77, 78, 79, 93, 94, 95, 96, 97, 98, 99, 113, 114, 115, 116, 117, 118, 119, 134, 135, 136, 137, 138, 139, 154, 155, 156, 157, 158, 175, 176, 177
01219, 56, 57, 58, 74, 75, 76, 77, 78, 79, 94, 95, 96, 97, 98, 99, 113, 114, 115, 116, 117, 118, 119, 134, 135, 136, 137, 138, 139, 154, 155, 156, 157, 158, 159, 175, 176, 177
01220, 56, 57, 58, 74, 75, 76, 77, 78, 79, 94, 95, 96, 97, 98, 99, 113, 114, 115, 116, 117, 118, 119, 134, 135, 136, 137, 138, 139, 154, 155, 156, 157, 158, 159, 175, 176, 177
01221, 56, 57, 58, 74, 75, 76, 77, 78, 79, 94, 95, 96, 97, 98, 99, 114, 115, 116, 117, 118, 119, 134, 135, 136, 137, 138, 139, 154, 155, 156, 157, 158, 159, 175, 176, 177, 178
01222, 56, 57, 58, 74, 75, 76, 77, 78, 79, 94, 95, 96, 97, 98, 99, 114, 115, 116, 117, 118, 119, 134, 135, 136, 137, 138, 139, 154, 155, 156, 157, 158, 159, 175, 176, 177, 178
01223, 56, 57, 58, 74, 75, 76, 77, 78, 79, 94, 95, 96, 97, 98, 99, 114, 115, 116, 117, 118, 119, 134, 135, 136, 137, 138, 139, 154, 155, 156, 157, 158, 159, 175, 176, 177, 178
01224, 56, 57, 58, 74, 75, 76, 77, 78, 79, 94, 95, 96, 97, 98, 99, 114, 115, 116, 117, 118, 119, 134, 135, 136, 137, 138, 139, 154, 155, 156, 157, 158, 159, 175, 176, 177, 178
01225, 56, 57, 58, 74, 75, 76, 77, 78, 79, 94, 95, 96, 97, 98, 99, 114, 115, 116, 117, 118, 119, 134, 135, 136, 137, 138, 139, 154, 155, 156, 157, 158, 159, 175, 176, 177, 178
01226, 56, 57, 58, 74, 75, 76, 77, 78, 79, 94, 95, 96, 97, 98, 99, 114, 115, 116, 117, 118, 119, 134, 135, 136, 137, 138, 139, 154, 155, 156, 157, 158, 159, 175, 176, 177, 178
01227, 56, 57, 58, 74, 75, 76, 77, 78, 79, 94, 95, 96, 97, 98, 99, 114, 115, 116, 117, 118, 119, 134, 135, 136, 137, 138, 139, 154, 155, 156, 157, 158, 159, 175, 176, 177, 178
01228, 56, 57, 58, 74, 75, 76, 77, 78, 79, 94, 95, 96, 97, 98, 99, 114, 115, 116, 117, 118, 119, 134, 135, 136, 137, 138, 139, 154, 155, 156, 157, 158, 159, 175, 176, 177, 178
01229, 56, 57, 58, 74, 75, 76, 77, 78, 79, 94, 95, 96, 97, 98, 99, 114, 115, 116, 117, 118, 119, 134, 135, 136, 137, 138, 139, 154, 155, 156, 157, 158, 159, 175, 176, 177, 178
01230, 56, 57, 58, 74, 75, 76, 77, 78, 79, 94, 95, 96, 97, 98, 99, 114, 115, 116, 117, 118, 119, 134, 135, 136, 137, 138, 139, 154, 155, 156, 157, 158, 159, 175, 176, 177, 178
01231, 56, 57, 58, 74, 75, 76, 77, 78, 79, 94, 95, 96, 97, 98, 99, 114, 115, 116, 117, 118, 119, 134, 135, 136, 137, 138, 139, 154, 155, 156, 157, 158, 159, 175, 176, 177, 178
01232, 56, 57, 58, 74, 75, 76, 77, 78, 79, 94, 95, 96, 97, 98, 99, 114, 115, 116, 117, 118, 119, 134, 135, 136, 137, 138, 139, 154, 155, 156, 157, 158, 159, 175, 176, 177, 178
01233, 56, 57, 58, 74, 75, 76, 77, 78, 79, 94, 95, 96, 97, 98, 99, 114, 115, 116, 117, 118, 119, 134, 135, 136, 137, 138, 139, 154, 155, 156, 157, 158, 159, 175, 176, 177, 178
01234, 56, 57, 58, 74, 75, 76, 77, 78, 79, 94, 95, 96, 97, 98, 99, 114, 115, 116, 117, 118, 119, 134, 135, 136, 137, 138, 139, 154, 155, 156, 157, 158, 159, 175, 176, 177, 178
01235, 56, 57, 58, 74, 75, 76, 77, 78, 79, 94, 95, 96, 97, 98, 99, 114, 115, 116, 117, 118, 119, 134, 135, 136, 137, 138, 139, 154, 155, 156, 157, 158, 159, 175, 176, 177, 178
01236, 56, 57, 58, 74, 75, 76, 77, 78, 79, 94, 95, 96, 97, 98, 99, 114, 115, 116, 117, 118, 119, 134, 135, 136, 137, 138, 139, 154, 155, 156, 157, 158, 159, 175, 176, 177, 178
01237, 56, 57, 74, 75, 76, 77, 78, 79, 94, 95, 96, 97, 98, 99, 114, 115, 116, 117, 118, 119, 134, 135, 136, 137, 138, 139, 154, 155, 156, 157, 158, 159, 175, 176, 177, 178
01238, 56, 57, 74, 75, 76, 77, 78, 79, 94, 95, 96, 97, 98, 99, 114, 115, 116, 117, 118, 119, 134, 135, 136, 137, 138, 139, 154, 155, 156, 157, 158, 159, 175, 176, 177, 178
01239, 56, 57, 74, 75, 76, 77, 78, 79, 94, 95, 96, 97, 98, 99, 114, 115, 116, 117, 118, 119, 134, 135, 136, 137, 138, 139, 154, 155, 156, 157, 158, 159, 175, 176, 177, 178
01240, 56, 57, 74, 75, 76, 77, 78, 79, 94, 95, 96, 97, 98, 99, 114, 115, 116, 117, 118, 119, 134, 135, 136, 137, 138, 139, 154, 155, 156, 157, 158, 159, 175, 176, 177, 178
01241, 56, 57, 74, 75, 76, 77, 78, 94, 95, 96, 97, 98, 99, 113, 114, 115, 116, 117, 118, 119, 133, 134, 135, 136, 137, 138, 139, 154, 155, 156, 157, 158, 159, 174, 175, 176, 177, 178
01242, 56, 57, 74, 75, 76, 77, 78, 94, 95, 96, 97, 98, 99, 113, 114, 115, 116, 117, 118, 119, 133, 134, 135, 136, 137, 138, 139, 154, 155, 156, 157, 158, 159, 174, 175, 176, 177, 178
01243, 57, 74, 75, 76, 77, 78, 94, 95, 96, 97, 98, 99, 113, 114, 115, 116, 117, 118, 119, 133, 134, 135, 136, 137, 138, 139, 154, 155, 156, 157, 158, 159, 174, 175, 176, 177, 178
01244, 57, 74, 75, 76, 77, 78, 94, 95, 96, 97, 98, 99, 113, 114, 115, 116, 117, 118, 119, 133, 134, 135, 136, 137, 138, 139, 154, 155, 156, 157, 158, 159, 174, 175, 176, 177, 178
01245, 57, 74, 75, 76, 77, 78, 94, 95, 96, 97, 98, 99, 113, 114, 115, 116, 117, 118, 119, 133, 134, 135, 136, 137, 138, 139, 154, 155, 156, 157, 158, 159, 174, 175, 176, 177, 178
01246, 57, 74, 75, 76, 77, 78, 94, 95, 96, 97, 98, 99, 113, 114, 115, 116, 117, 118, 119, 133, 134, 135, 136, 137, 138, 139, 154, 155, 156, 157, 158, 159, 174, 175, 176, 177, 178
01247, 75, 76, 77, 78, 94, 95, 96, 97, 98, 99, 113, 114, 115, 116, 117, 118, 119, 133, 134, 135, 136, 137, 138, 139, 153, 154, 155, 156, 157, 158, 159, 174, 175, 176, 177, 178, 179
01248, 75, 76, 77, 78, 94, 95, 96, 97, 98, 99, 113, 114, 115, 116, 117, 118, 119, 133, 134, 135, 136, 137, 138, 139, 153, 154, 155, 156, 157, 158, 159, 174, 175, 176, 177, 178, 179
01249, 76, 77, 78, 94, 95, 96, 97, 98, 99, 113, 114, 115, 116, 117, 118, 119, 133, 134, 135, 136, 137, 138, 139, 153, 154, 155, 156, 157, 158, 159, 174, 175, 176, 177, 178, 179, 195, 196, 197
01250, 76, 77, 78, 94, 95, 96, 97, 98, 99, 113, 114, 115, 116, 117, 118, 119, 133, 134, 135, 136, 137, 138, 139, 153, 154, 155, 156, 157, 158, 159, 174, 175, 176, 177, 178, 179, 195, 196, 197
01251, 76, 77, 94, 95, 96, 97, 98, 113, 114, 115, 116, 117, 118, 119, 133, 134, 135, 136, 137, 138, 139, 153, 154, 155, 156, 157, 158, 159, 173, 174, 175, 176, 177, 178, 179, 194, 195, 196, 197, 198
01252, 76, 77, 94, 95, 96, 97, 98, 113, 114, 115, 116, 117, 118, 119, 133, 134, 135, 136, 137, 138, 139, 153, 154, 155, 156, 157, 158, 159, 173, 174, 175, 176, 177, 178, 179, 194, 195, 196, 197, 198
01253, 76, 77, 94, 95, 96, 97, 98, 113, 114, 115, 116, 117, 118, 119, 133, 134, 135, 136, 137, 138, 139, 153, 154, 155, 156, 157, 158, 159, 173, 174, 175, 176, 177, 178, 179, 193, 194, 195, 196, 197, 198
01254, 76, 77, 94, 95, 96, 97, 98, 113, 114, 115, 116, 117, 118, 119, 133, 134, 135, 136, 137, 138, 139, 153, 154, 155, 156, 157, 158, 159, 173, 174, 175, 176, 177, 178, 179, 193, 194, 195, 196, 197, 198
01255, 76, 77, 94, 95, 96, 97, 98, 113, 114, 115, 116, 117, 118, 119, 133, 134, 135, 136, 137, 138, 139, 152, 153, 154, 155, 156, 157, 158, 159, 173, 174, 175, 176, 177, 178, 179, 193, 194, 195, 196, 197, 198, 199
01256, 76, 77, 94, 95, 96, 97, 98, 113, 114, 115, 116, 117, 118, 119, 133, 134, 135, 136, 137, 138, 139, 152, 153, 154, 155, 156, 157, 158, 159, 173, 174, 175, 176, 177, 178, 179, 193, 194, 195, 196, 197, 198, 199
01257, 76, 94, 95, 96, 97, 98, 113, 114, 115, 116, 117, 118, 119, 132, 133, 134, 135, 136, 137, 138, 139, 152, 153, 154, 155, 156, 157, 158, 159, 172, 173, 174, 175, 176, 177, 178, 179, 192, 193, 194, 195, 196, 197, 198, 199
01258, 76, 94, 95, 96, 97, 98, 113, 114, 115, 116, 117, 118, 119, 132, 133, 134, 135, 136, 137, 138, 139, 152, 153, 154, 155, 156, 157, 158, 159, 172, 173, 174, 175, 176, 177, 178, 179, 192, 193, 194, 195, 196, 197, 198, 199
01259, 76, 94, 95, 96, 97, 98, 113, 114, 115, 116, 117, 118, 119, 132, 133, 134, 135, 136, 137, 138, 139, 152, 153, 154, 155, 156, 157, 158, 159, 172, 173, 174, 175, 176, 177, 178, 179, 192, 193, 194, 195, 196, 197, 198, 199
01260, 76, 94, 95, 96, 97, 98, 113, 114, 115, 116, 117, 118, 119, 132, 133, 134, 135, 136, 137, 138, 139, 152, 153, 154, 155, 156, 157, 158, 159, 172, 173, 174, 175, 176, 177, 178, 179, 192, 193, 194, 195, 196, 197, 198, 199
01261, 76, 93, 94, 95, 96, 97, 98, 113, 114, 115, 116, 117, 118, 132, 133, 134, 135, 136, 137, 138, 139, 152, 153, 154, 155, 156, 157, 158, 159, 172, 173, 174, 175, 176, 177, 178, 179, 192, 193, 194, 195, 196, 197, 198, 199
01262, 76, 93, 94, 95, 96, 97, 98, 113, 114, 115, 116, 117, 118, 132, 133, 134, 135, 136, 137, 138, 139, 152, 153, 154, 155, 156, 157, 158, 159, 172, 173, 174, 175, 176, 177, 178, 179, 192, 193, 194, 195, 196, 197, 198, 199
01263, 76, 93, 94, 95, 96, 97, 112, 113, 114, 115, 116, 117, 118, 132, 133, 134, 135, 136, 137, 138, 139, 152, 153, 154, 155, 156, 157, 158, 159, 172, 173, 174, 175, 176, 177, 178, 179, 192, 193, 194, 195, 196, 197, 198, 199
01264, 76, 93, 94, 95, 96, 97, 112, 113, 114, 115, 116, 117, 118, 132, 133, 134, 135, 136, 137, 138, 139, 152, 153, 154, 155, 156, 157, 158, 159, 172, 173, 174, 175, 176, 177, 178, 179, 192, 193, 194, 195, 196, 197, 198, 199
01265, 93, 94, 95, 96, 97, 112, 113, 114, 115, 116, 117, 118, 132, 133, 134, 135, 136, 137, 138, 139, 152, 153, 154, 155, 156, 157, 158, 159, 172, 173, 174, 175, 176, 177, 178, 179, 192, 193, 194, 195, 196, 197, 198, 199
01266, 93, 94, 95, 96, 97, 112, 113, 114, 115, 116, 117, 118, 132, 133, 134, 135, 136, 137, 138, 139, 152, 153, 154, 155, 156, 157, 158, 159, 172, 173, 174, 175, 176, 177, 178, 179, 192, 193, 194, 195, 196, 197, 198, 199
01267, 76, 93, 94, 95, 96, 97, 112, 113, 114, 115, 116, 117, 118, 132, 133, 134, 135, 136, 137, 138, 139, 152, 153, 154, 155, 156, 157, 158, 159, 172, 173, 174, 175, 176, 177, 178, 179, 192, 193, 194, 195, 196, 197, 198, 199
01268, 76, 93, 94, 95, 96, 97, 112, 113, 114, 115, 116, 117, 118, 132, 133, 134, 135, 136, 137, 138, 139, 152, 153, 154, 155, 156, 157, 158, 159, 172, 173, 174, 175, 176, 177, 178, 179, 192, 193, 194, 195, 196, 197, 198, 199
01269, 76, 93, 94, 95, 96, 97, 112, 113, 114, 115, 116, 117, 118, 132, 133, 134, 135, 136, 137, 138, 139, 152, 153, 154, 155, 156, 157, 158, 159, 172, 173, 174, 175, 176, 177, 178, 179, 192, 193, 194, 195, 196, 197, 198, 199
01270, 76, 93, 94, 95, 96, 97, 112, 113, 114, 115, 116, 117, 118, 132, 133, 134, 135, 136, 137, 138, 139, 152, 153, 154, 155, 156, 157, 158, 159, 172, 173, 174, 175, 176, 177, 178, 179, 192, 193, 194, 195, 196, 197, 198, 199
01271, 93, 94, 95, 96, 97, 112, 113, 114, 115, 116, 117, 118, 132, 133, 134, 135, 136, 137, 138, 139, 152, 153, 154, 155, 156, 157, 158, 159, 171, 172, 173, 174, 175, 176, 177, 178, 179, 191, 192, 193, 194, 195, 196, 197, 198, 199
01272, 93, 94, 95, 96, 97, 112, 113, 114, 115, 116, 117, 118, 132, 133, 134, 135, 136, 137, 138, 139, 152, 153, 154, 155, 156, 157, 158, 159, 171, 172, 173, 174, 175, 176, 177, 178, 179, 191, 192, 193, 194, 195, 196, 197, 198, 199
01273, 94, 95, 96, 97, 112, 113, 114, 115, 116, 117, 118, 132, 133, 134, 135, 136, 137, 138, 151, 152, 153, 154, 155, 156, 157, 158, 159, 171, 172, 173, 174, 175, 176, 177, 178, 179, 191, 192, 193, 194, 195, 196, 197, 198, 199
01274, 94, 95, 96, 97, 112, 113, 114, 115, 116, 117, 118, 132, 133, 134, 135, 136, 137, 138, 151, 152, 153, 154, 155, 156, 157, 158, 159, 171, 172, 173, 174, 175, 176, 177, 178, 179, 191, 192, 193, 194, 195, 196, 197, 198, 199
01275, 94, 95, 96, 97, 112, 113, 114, 115, 116, 117, 118, 132, 133, 134, 135, 136, 137, 138, 151, 152, 153, 154, 155, 156, 157, 158, 159, 171, 172, 173, 174, 175, 176, 177, 178, 179, 191, 192, 193, 194, 195, 196, 197, 198, 199
01276, 94, 95, 96, 97, 112, 113, 114, 115, 116, 117, 118, 132, 133, 134, 135, 136, 137, 138, 151, 152, 153, 154, 155, 156, 157, 158, 159, 171, 172, 173, 174, 175, 176, 177, 178, 179, 191, 192, 193, 194, 195, 196, 197, 198, 199
01277, 94, 95, 96, 97, 112, 113, 114, 115, 116, 117, 118, 131, 132, 133, 134, 135, 136, 137, 138, 151, 152, 153, 154, 155, 156, 157, 158, 159, 171, 172, 173, 174, 175, 176, 177, 178, 179, 181, 182, 183, 184, 185, 186, 187, 188, 189, 190, 191, 192, 193, 194, 195, 196, 197, 198, 199, 200
01278, 94, 95, 96, 97, 112, 113, 114, 115, 116, 117, 118, 131, 132, 133, 134, 135, 136, 137, 138, 151, 152, 153, 154, 155, 156, 157, 158, 159, 171, 172, 173, 174, 175, 176, 177, 178, 179, 181, 182, 183, 184, 185, 186, 187, 188, 189, 190, 191, 192, 193, 194, 195, 196, 197, 198, 199, 200
01279, 94, 95, 96, 97, 112, 113, 114, 115, 116, 117, 118, 131, 132, 133, 134, 135, 136, 137, 138, 151, 152, 153, 154, 155, 156, 157, 158, 159, 171, 172, 173, 174, 175, 176, 177, 178, 179, 181, 182, 183, 184, 185, 186, 187, 188, 189, 190, 191, 192, 193, 194, 195, 196, 197, 198, 199, 200
01280, 94, 95, 96, 97, 112, 113, 114, 115, 116, 117, 118, 131, 132, 133, 134, 135, 136, 137, 138, 151, 152, 153, 154, 155, 156, 157, 158, 159, 171, 172, 173, 174, 175, 176, 177, 178, 179, 181, 182, 183, 184, 185, 186, 187, 188, 189, 190, 191, 192, 193, 194, 195, 196, 197, 198, 199, 200
01281, 94, 95, 96, 112, 113, 114, 115, 116, 117, 118, 131, 132, 133, 134, 135, 136, 137, 138, 151, 152, 153, 154, 155, 156, 157, 158, 159, 170, 171, 172, 173, 174, 175, 176, 177, 178, 179, 181, 182, 183, 184, 185, 186, 187, 188, 189, 190, 191, 192, 193, 194, 195, 196, 197, 198, 199, 200
01282, 94, 95, 96, 112, 113, 114, 115, 116, 117, 118, 131, 132, 133, 134, 135, 136, 137, 138, 151, 152, 153, 154, 155, 156, 157, 158, 159, 170, 171, 172, 173, 174, 175, 176, 177, 178, 179, 181, 182, 183, 184, 185, 186, 187, 188, 189, 190, 191, 192, 193, 194, 195, 196, 197, 198, 199, 200
01283, 94, 95, 96, 112, 113, 114, 115, 116, 117, 131, 132, 133, 134, 135, 136, 137, 138, 151, 152, 153, 154, 155, 156, 157, 158, 159, 170, 171, 172, 173, 174, 175, 176, 177, 178, 179, 181, 182, 183, 184, 185, 186, 187, 188, 189, 190, 191, 192, 193, 194, 195, 196, 197, 198, 199, 200
01284, 94, 95, 96, 112, 113, 114, 115, 116, 117, 131, 132, 133, 134, 135, 136, 137, 138, 151, 152, 153, 154, 155, 156, 157, 158, 159, 170, 171, 172, 173, 174, 175, 176, 177, 178, 179, 181, 182, 183, 184, 185, 186, 187, 188, 189, 190, 191, 192, 193, 194, 195, 196, 197, 198, 199, 200
01285, 94, 95, 96, 112, 113, 114, 115, 116, 117, 131, 132, 133, 134, 135, 136, 137, 138, 150, 151, 152, 153, 154, 155, 156, 157, 158, 170, 171, 172, 173, 174, 175, 176, 177, 178, 179, 181, 182, 183, 184, 185, 186, 187, 188, 189, 190, 191, 192, 193, 194, 195, 196, 197, 198, 199, 200
01286, 94, 95, 96, 112, 113, 114, 115, 116, 117, 131, 132, 133, 134, 135, 136, 137, 138, 150, 151, 152, 153, 154, 155, 156, 157, 158, 170, 171, 172, 173, 174, 175, 176, 177, 178, 179, 181, 182, 183, 184, 185, 186, 187, 188, 189, 190, 191, 192, 193, 194, 195, 196, 197, 198, 199, 200
01287, 94, 95, 96, 112, 113, 114, 115, 116, 117, 131, 132, 133, 134, 135, 136, 137, 138, 150, 151, 152, 153, 154, 155, 156, 157, 158, 169, 170, 171, 172, 173, 174, 175, 176, 177, 178, 179, 181, 182, 183, 184, 185, 186, 187, 188, 189, 190, 191, 192, 193, 194, 195, 196, 197, 198, 199, 200
01288, 94, 95, 96, 112, 113, 114, 115, 116, 117, 131, 132, 133, 134, 135, 136, 137, 138, 150, 151, 152, 153, 154, 155, 156, 157, 158, 169, 170, 171, 172, 173, 174, 175, 176, 177, 178, 179, 181, 182, 183, 184, 185, 186, 187, 188, 189, 190, 191, 192, 193, 194, 195, 196, 197, 198, 199, 200
01289, 94, 95, 96, 111, 112, 113, 114, 115, 116, 117, 131, 132, 133, 134, 135, 136, 137, 138, 150, 151, 152, 153, 154, 155, 156, 157, 158, 169, 170, 171, 172, 173, 174, 175, 176, 177, 178, 179, 181, 182, 183, 184, 185, 186, 187, 188, 189, 190, 191, 192, 193, 194, 195, 196, 197, 198, 199, 200
01290, 94, 95, 96, 111, 112, 113, 114, 115, 116, 117, 131, 132, 133, 134, 135, 136, 137, 138, 150, 151, 152, 153, 154, 155, 156, 157, 158, 169, 170, 171, 172, 173, 174, 175, 176, 177, 178, 179, 181, 182, 183, 184, 185, 186, 187, 188, 189, 190, 191, 192, 193, 194, 195, 196, 197, 198, 199, 200
01291, 94, 95, 111, 112, 113, 114, 115, 116, 117, 130, 131, 132, 133, 134, 135, 136, 137, 138, 150, 151, 152, 153, 154, 155, 156, 157, 158, 169, 170, 171, 172, 173, 174, 175, 176, 177, 178, 179, 181, 182, 183, 184, 185, 186, 187, 188, 189, 190, 191, 192, 193, 194, 195, 196, 197, 198, 199, 200
01292, 94, 95, 111, 112, 113, 114, 115, 116, 117, 130, 131, 132, 133, 134, 135, 136, 137, 138, 150, 151, 152, 153, 154, 155, 156, 157, 158, 169, 170, 171, 172, 173, 174, 175, 176, 177, 178, 179, 181, 182, 183, 184, 185, 186, 187, 188, 189, 190, 191, 192, 193, 194, 195, 196, 197, 198, 199, 200
01293, 94, 95, 111, 112, 113, 114, 115, 116, 117, 130, 131, 132, 133, 134, 135, 136, 137, 138, 150, 151, 152, 153, 154, 155, 156, 157, 158, 169, 170, 171, 172, 173, 174, 175, 176, 177, 178, 179, 181, 182, 183, 184, 185, 186, 187, 188, 189, 190, 191, 192, 193, 194, 195, 196, 197, 198, 199, 200
01294, 94, 95, 111, 112, 113, 114, 115, 116, 117, 130, 131, 132, 133, 134, 135, 136, 137, 138, 150, 151, 152, 153, 154, 155, 156, 157, 158, 169, 170, 171, 172, 173, 174, 175, 176, 177, 178, 179, 181, 182, 183, 184, 185, 186, 187, 188, 189, 190, 191, 192, 193, 194, 195, 196, 197, 198, 199, 200
01295, 94, 95, 111, 112, 113, 114, 115, 116, 117, 130, 131, 132, 133, 134, 135, 136, 137, 138, 150, 151, 152, 153, 154, 155, 156, 157, 158, 168, 169, 170, 171, 172, 173, 174, 175, 176, 177, 178, 179, 181, 182, 183, 184, 185, 186, 187, 188, 189, 190, 191, 192, 193, 194, 195, 196, 197, 198, 199, 200
01296, 94, 95, 111, 112, 113, 114, 115, 116, 117, 130, 131, 132, 133, 134, 135, 136, 137, 138, 150, 151, 152, 153, 154, 155, 156, 157, 158, 168, 169, 170, 171, 172, 173, 174, 175, 176, 177, 178, 179, 181, 182, 183, 184, 185, 186, 187, 188, 189, 190, 191, 192, 193, 194, 195, 196, 197, 198, 199, 200
01297, 94, 95, 111, 112, 113, 114, 115, 116, 130, 131, 132, 133, 134, 135, 136, 137, 149, 150, 151, 152, 153, 154, 155, 156, 157, 158, 168, 169, 170, 171, 172, 173, 174, 175, 176, 177, 178, 179, 180, 181, 182, 183, 184, 185, 186, 187, 188, 189, 190, 191, 192, 193, 194, 195, 196, 197, 198, 199, 200
01298, 94, 95, 111, 112, 113, 114, 115, 116, 130, 131, 132, 133, 134, 135, 136, 137, 149, 150, 151, 152, 153, 154, 155, 156, 157, 158, 168, 169, 170, 171, 172, 173, 174, 175, 176, 177, 178, 179, 180, 181, 182, 183, 184, 185, 186, 187, 188, 189, 190, 191, 192, 193, 194, 195, 196, 197, 198, 199, 200
01299, 94, 95, 111, 112, 113, 114, 115, 116, 130, 131, 132, 133, 134, 135, 136, 137, 149, 150, 151, 152, 153, 154, 155, 156, 157, 158, 168, 169, 170, 171, 172, 173, 174, 175, 176, 177, 178, 179, 180, 181, 182, 183, 184, 185, 186, 187, 188, 189, 190, 191, 192, 193, 194, 195, 196, 197, 198, 199, 200
01300, 94, 95, 111, 112, 113, 114, 115, 116, 130, 131, 132, 133, 134, 135, 136, 137, 149, 150, 151, 152, 153, 154, 155, 156, 157, 158, 168, 169, 170, 171, 172, 173, 174, 175, 176, 177, 178, 179, 180, 181, 182, 183, 184, 185, 186, 187, 188, 189, 190, 191, 192, 193, 194, 195, 196, 197, 198, 199, 200
01301, 94, 111, 112, 113, 114, 115, 116, 130, 131, 132, 133, 134, 135, 136, 137, 149, 150, 151, 152, 153, 154, 155, 156, 157, 158, 167, 168, 169, 170, 171, 172, 173, 174, 175, 176, 177, 178, 179, 180, 181, 182, 183, 184, 185, 186, 187, 188, 189, 190, 191, 192, 193, 194, 195, 196, 197, 198, 199, 200
01302, 94, 111, 112, 113, 114, 115, 116, 130, 131, 132, 133, 134, 135, 136, 137, 149, 150, 151, 152, 153, 154, 155, 156, 157, 158, 167, 168, 169, 170, 171, 172, 173, 174, 175, 176, 177, 178, 179, 180, 181, 182, 183, 184, 185, 186, 187, 188, 189, 190, 191, 192, 193, 194, 195, 196, 197, 198, 199, 200
01303, 94, 111, 112, 113, 114, 115, 116, 130, 131, 132, 133, 134, 135, 136, 137, 149, 150, 151, 152, 153, 154, 155, 156, 157, 158, 167, 168, 169, 170, 171, 172, 173, 174, 175, 176, 177, 178, 179, 180, 181, 182, 183, 184, 185, 186, 187, 188, 189, 190, 191, 192, 193, 194, 195, 196, 197, 198, 199, 200
01304, 94, 111, 112, 113, 114, 115, 116, 130, 131, 132, 133, 134, 135, 136, 137, 149, 150, 151, 152, 153, 154, 155, 156, 157, 158, 167, 168, 169, 170, 171, 172, 173, 174, 175, 176, 177, 178, 179, 180, 181, 182, 183, 184, 185, 186, 187, 188, 189, 190, 191, 192, 193, 194, 195, 196, 197, 198, 199, 200
01305, 94, 111, 112, 113, 114, 115, 116, 130, 131, 132, 133, 134, 135, 136, 137, 149, 150, 151, 152, 153, 154, 155, 156, 157, 158, 167, 168, 169, 170, 171, 172, 173, 174, 175, 176, 177, 178, 179, 180, 181, 182, 183, 184, 185, 186, 187, 188, 189, 190, 191, 192, 193, 194, 195, 196, 197, 198, 199, 200
01306, 94, 111, 112, 113, 114, 115, 116, 130, 131, 132, 133, 134, 135, 136, 137, 149, 150, 151, 152, 153, 154, 155, 156, 157, 158, 167, 168, 169, 170, 171, 172, 173, 174, 175, 176, 177, 178, 179, 180, 181, 182, 183, 184, 185, 186, 187, 188, 189, 190, 191, 192, 193, 194, 195, 196, 197, 198, 199, 200
01307, 94, 111, 112, 113, 114, 115, 116, 129, 130, 131, 132, 133, 134, 135, 136, 137, 149, 150, 151, 152, 153, 154, 155, 156, 157, 158, 167, 168, 169, 170, 171, 172, 173, 174, 175, 176, 177, 178, 179, 180, 181, 182, 183, 184, 185, 186, 187, 188, 189, 190, 191, 192, 193, 194, 195, 196, 197, 198, 199, 200
01308, 94, 111, 112, 113, 114, 115, 116, 129, 130, 131, 132, 133, 134, 135, 136, 137, 149, 150, 151, 152, 153, 154, 155, 156, 157, 158, 167, 168, 169, 170, 171, 172, 173, 174, 175, 176, 177, 178, 179, 180, 181, 182, 183, 184, 185, 186, 187, 188, 189, 190, 191, 192, 193, 194, 195, 196, 197, 198, 199, 200
01309, 94, 111, 112, 113, 114, 115, 116, 129, 130, 131, 132, 133, 134, 135, 136, 137, 148, 149, 150, 151, 152, 153, 154, 155, 156, 157, 158, 166, 167, 168, 169, 170, 171, 172, 173, 174, 175, 176, 177, 178, 179, 180, 181, 182, 183, 184, 185, 186, 187, 188, 189, 190, 191, 192, 193, 194, 195, 196, 197, 198, 199, 200
01310, 94, 111, 112, 113, 114, 115, 116, 129, 130, 131, 132, 133, 134, 135, 136, 137, 148, 149, 150, 151, 152, 153, 154, 155, 156, 157, 158, 166, 167, 168, 169, 170, 171, 172, 173, 174, 175, 176, 177, 178, 179, 180, 181, 182, 183, 184, 185, 186, 187, 188, 189, 190, 191, 192, 193, 194, 195, 196, 197, 198, 199, 200
01311, 110, 111, 112, 113, 114, 115, 129, 130, 131, 132, 133, 134, 135, 136, 137, 148, 149, 150, 151, 152, 153, 154, 155, 156, 157, 158, 166, 167, 168, 169, 170, 171, 172, 173, 174, 175, 176, 177, 178, 179, 180, 181, 182, 183, 184, 185, 186, 187, 188, 189, 190, 191, 192, 193, 194, 195, 196, 197, 198, 199, 200
01312, 110, 111, 112, 113, 114, 115, 129, 130, 131, 132, 133, 134, 135, 136, 137, 148, 149, 150, 151, 152, 153, 154, 155, 156, 157, 158, 166, 167, 168, 169, 170, 171, 172, 173, 174, 175, 176, 177, 178, 179, 180, 181, 182, 183, 184, 185, 186, 187, 188, 189, 190, 191, 192, 193, 194, 195, 196, 197, 198, 199, 200
01313, 93, 110, 111, 112, 113, 114, 115, 129, 130, 131, 132, 133, 134, 135, 136, 137, 148, 149, 150, 151, 152, 153, 154, 155, 156, 157, 158, 166, 167, 168, 169, 170, 171, 172, 173, 174, 175, 176, 177, 178, 179, 180, 181, 182, 183, 184, 185, 186, 187, 188, 189, 190, 191, 192, 193, 194, 195, 196, 197, 198, 199, 200
01314, 93, 110, 111, 112, 113, 114, 115, 129, 130, 131, 132, 133, 134, 135, 136, 137, 148, 149, 150, 151, 152, 153, 154, 155, 156, 157, 158, 166, 167, 168, 169, 170, 171, 172, 173, 174, 175, 176, 177, 178, 179, 180, 181, 182, 183, 184, 185, 186, 187, 188, 189, 190, 191, 192, 193, 194, 195, 196, 197, 198, 199, 200
01315, 93, 110, 111, 112, 113, 114, 115, 129, 130, 131, 132, 133, 134, 135, 136, 148, 149, 150, 151, 152, 153, 154, 155, 156, 157, 166, 167, 168, 169, 170, 171, 172, 173, 174, 175, 176, 177, 178, 179, 181, 182, 183, 184, 185, 186, 187, 188, 189, 190, 191, 192, 193, 194, 195, 196, 197, 198, 199, 200
01316, 93, 110, 111, 112, 113, 114, 115, 129, 130, 131, 132, 133, 134, 135, 136, 148, 149, 150, 151, 152, 153, 154, 155, 156, 157, 166, 167, 168, 169, 170, 171, 172, 173, 174, 175, 176, 177, 178, 179, 181, 182, 183, 184, 185, 186, 187, 188, 189, 190, 191, 192, 193, 194, 195, 196, 197, 198, 199, 200
01317, 93, 110, 111, 112, 113, 114, 115, 129, 130, 131, 132, 133, 134, 135, 136, 148, 149, 150, 151, 152, 153, 154, 155, 156, 157, 166, 167, 168, 169, 170, 171, 172, 173, 174, 175, 176, 177, 178, 179, 181, 182, 183, 184, 185, 186, 187, 188, 189, 190, 191, 192, 193, 194, 195, 196, 197, 198, 199, 200
01318, 93, 110, 111, 112, 113, 114, 115, 129, 130, 131, 132, 133, 134, 135, 136, 148, 149, 150, 151, 152, 153, 154, 155, 156, 157, 166, 167, 168, 169, 170, 171, 172, 173, 174, 175, 176, 177, 178, 179, 181, 182, 183, 184, 185, 186, 187, 188, 189, 190, 191, 192, 193, 194, 195, 196, 197, 198, 199, 200
01319, 93, 110, 111, 112, 113, 114, 115, 129, 130, 131, 132, 133, 134, 135, 136, 148, 149, 150, 151, 152, 153, 154, 155, 156, 157, 166, 167, 168, 169, 170, 171, 172, 173, 174, 175, 176, 177, 178, 179, 181, 182, 183, 184, 185, 186, 187, 188, 189, 190, 191, 192, 193, 194, 195, 196, 197, 198, 199, 200
01320, 93, 110, 111, 112, 113, 114, 115, 129, 130, 131, 132, 133, 134, 135, 136, 148, 149, 150, 151, 152, 153, 154, 155, 156, 157, 166, 167, 168, 169, 170, 171, 172, 173, 174, 175, 176, 177, 178, 179, 181, 182, 183, 184, 185, 186, 187, 188, 189, 190, 191, 192, 193, 194, 195, 196, 197, 198, 199, 200
01321, 93, 110, 111, 112, 113, 114, 115, 129, 130, 131, 132, 133, 134, 135, 136, 148, 149, 150, 151, 152, 153, 154, 155, 156, 157, 166, 167, 168, 169, 170, 171, 172, 173, 174, 175, 176, 177, 178, 179, 181, 182, 183, 184, 185, 186, 187, 188, 189, 190, 191, 192, 193, 194, 195, 196, 197, 198, 199, 200
01322, 93, 110, 111, 112, 113, 114, 115, 129, 130, 131, 132, 133, 134, 135, 136, 148, 149, 150, 151, 152, 153, 154, 155, 156, 157, 166, 167, 168, 169, 170, 171, 172, 173, 174, 175, 176, 177, 178, 179, 181, 182, 183, 184, 185, 186, 187, 188, 189, 190, 191, 192, 193, 194, 195, 196, 197, 198, 199, 200
01323, 92, 93, 110, 111, 112, 113, 114, 115, 128, 129, 130, 131, 132, 133, 134, 135, 136, 148, 149, 150, 151, 152, 153, 154, 155, 156, 157, 166, 167, 168, 169, 170, 171, 172, 173, 174, 175, 176, 177, 178, 181, 182, 183, 184, 185, 186, 187, 188, 189, 190, 191, 192, 193, 194, 195, 196, 197, 198, 199, 200
01324, 92, 93, 110, 111, 112, 113, 114, 115, 128, 129, 130, 131, 132, 133, 134, 135, 136, 148, 149, 150, 151, 152, 153, 154, 155, 156, 157, 166, 167, 168, 169, 170, 171, 172, 173, 174, 175, 176, 177, 178, 181, 182, 183, 184, 185, 186, 187, 188, 189, 190, 191, 192, 193, 194, 195, 196, 197, 198, 199, 200
01325, 92, 93, 109, 110, 111, 112, 113, 114, 115, 128, 129, 130, 131, 132, 133, 134, 135, 136, 148, 149, 150, 151, 152, 153, 154, 155, 156, 166, 167, 168, 169, 170, 171, 172, 173, 174, 175, 176, 177, 178, 181, 182, 183, 184, 185, 186, 187, 188, 189, 190, 191, 192, 193, 194, 195, 196, 197, 198, 199, 200
01326, 92, 93, 109, 110, 111, 112, 113, 114, 115, 128, 129, 130, 131, 132, 133, 134, 135, 136, 148, 149, 150, 151, 152, 153, 154, 155, 156, 166, 167, 168, 169, 170, 171, 172, 173, 174, 175, 176, 177, 178, 181, 182, 183, 184, 185, 186, 187, 188, 189, 190, 191, 192, 193, 194, 195, 196, 197, 198, 199, 200
01327, 92, 93, 109, 110, 111, 112, 113, 114, 115, 128, 129, 130, 131, 132, 133, 134, 135, 136, 148, 149, 150, 151, 152, 153, 154, 155, 156, 167, 168, 169, 170, 171, 172, 173, 174, 175, 176, 177, 181, 182, 183, 184, 185, 186, 187, 188, 189, 190, 191, 192, 193, 194, 195, 196, 197, 198, 199, 200
01328, 92, 93, 109, 110, 111, 112, 113, 114, 115, 128, 129, 130, 131, 132, 133, 134, 135, 136, 148, 149, 150, 151, 152, 153, 154, 155, 156, 167, 168, 169, 170, 171, 172, 173, 174, 175, 176, 177, 181, 182, 183, 184, 185, 186, 187, 188, 189, 190, 191, 192, 193, 194, 195, 196, 197, 198, 199, 200
01329, 91, 92, 93, 109, 110, 111, 112, 113, 114, 115, 128, 129, 130, 131, 132, 133, 134, 135, 148, 149, 150, 151, 152, 153, 154, 155, 156, 167, 168, 169, 170, 171, 172, 173, 174, 175, 176, 177, 181, 182, 183, 184, 185, 186, 187, 188, 189, 190, 191, 192, 193, 194, 195, 196, 197, 198, 199, 200
01330, 91, 92, 93, 109, 110, 111, 112, 113, 114, 115, 128, 129, 130, 131, 132, 133, 134, 135, 148, 149, 150, 151, 152, 153, 154, 155, 156, 167, 168, 169, 170, 171, 172, 173, 174, 175, 176, 177, 181, 182, 183, 184, 185, 186, 187, 188, 189, 190, 191, 192, 193, 194, 195, 196, 197, 198, 199, 200
01331, 91, 92, 93, 109, 110, 111, 112, 113, 114, 128, 129, 130, 131, 132, 133, 134, 135, 148, 149, 150, 151, 152, 153, 154, 155, 156, 167, 168, 169, 170, 171, 172, 173, 174, 175, 176, 181, 182, 183, 184, 185, 186, 187, 188, 189, 190, 191, 192, 193, 194, 195, 196, 197, 198, 199, 200
01332, 91, 92, 93, 109, 110, 111, 112, 113, 114, 128, 129, 130, 131, 132, 133, 134, 135, 148, 149, 150, 151, 152, 153, 154, 155, 156, 167, 168, 169, 170, 171, 172, 173, 174, 175, 176, 181, 182, 183, 184, 185, 186, 187, 188, 189, 190, 191, 192, 193, 194, 195, 196, 197, 198, 199, 200
01333, 91, 92, 93, 109, 110, 111, 112, 113, 114, 128, 129, 130, 131, 132, 133, 134, 135, 148, 149, 150, 151, 152, 153, 154, 155, 167, 168, 169, 170, 171, 172, 173, 174, 175, 176, 181, 182, 183, 184, 185, 186, 187, 188, 189, 190, 191, 192, 193, 194, 195, 196, 197, 198, 199, 200
01334, 91, 92, 93, 109, 110, 111, 112, 113, 114, 128, 129, 130, 131, 132, 133, 134, 135, 148, 149, 150, 151, 152, 153, 154, 155, 167, 168, 169, 170, 171, 172, 173, 174, 175, 176, 181, 182, 183, 184, 185, 186, 187, 188, 189, 190, 191, 192, 193, 194, 195, 196, 197, 198, 199, 200
01335, 90, 91, 92, 93, 108, 109, 110, 111, 112, 113, 114, 128, 129, 130, 131, 132, 133, 134, 135, 148, 149, 150, 151, 152, 153, 154, 155, 167, 168, 169, 170, 171, 172, 173, 174, 175, 187, 188, 189, 190, 191, 192, 193, 194, 195, 196
01336, 90, 91, 92, 93, 108, 109, 110, 111, 112, 113, 114, 128, 129, 130, 131, 132, 133, 134, 135, 148, 149, 150, 151, 152, 153, 154, 155, 167, 168, 169, 170, 171, 172, 173, 174, 175, 187, 188, 189, 190, 191, 192, 193, 194, 195, 196
01337, 90, 91, 92, 93, 108, 109, 110, 111, 112, 113, 114, 128, 129, 130, 131, 132, 133, 134, 135, 148, 149, 150, 151, 152, 153, 154, 155, 167, 168, 169, 170, 171, 172, 173, 174, 175, 187, 188, 189, 190, 191, 192, 193, 194, 195
01338, 90, 91, 92, 93, 108, 109, 110, 111, 112, 113, 114, 128, 129, 130, 131, 132, 133, 134, 135, 148, 149, 150, 151, 152, 153, 154, 155, 167, 168, 169, 170, 171, 172, 173, 174, 175, 187, 188, 189, 190, 191, 192, 193, 194, 195
01339, 89, 90, 91, 92, 93, 108, 109, 110, 111, 112, 113, 114, 128, 129, 130, 131, 132, 133, 134, 148, 149, 150, 151, 152, 153, 154, 155, 168, 169, 170, 171, 172, 173, 174, 175, 188, 189, 190, 191, 192, 193, 194, 195
01340, 89, 90, 91, 92, 93, 108, 109, 110, 111, 112, 113, 114, 128, 129, 130, 131, 132, 133, 134, 148, 149, 150, 151, 152, 153, 154, 155, 168, 169, 170, 171, 172, 173, 174, 175, 188, 189, 190, 191, 192, 193, 194, 195
01341, 71, 72, 89, 90, 91, 92, 93, 108, 109, 110, 111, 112, 113, 114, 128, 129, 130, 131, 132, 133, 134, 148, 149, 150, 151, 152, 153, 154, 168, 169, 170, 171, 172, 173, 174, 188, 189, 190, 191, 192, 193, 194
01342, 71, 72, 89, 90, 91, 92, 93, 108, 109, 110, 111, 112, 113, 114, 128, 129, 130, 131, 132, 133, 134, 148, 149, 150, 151, 152, 153, 154, 168, 169, 170, 171, 172, 173, 174, 188, 189, 190, 191, 192, 193, 194
01343, 71, 72, 89, 90, 91, 92, 93, 108, 109, 110, 111, 112, 113, 114, 128, 129, 130, 131, 132, 133, 134, 148, 149, 150, 151, 152, 153, 154, 168, 169, 170, 171, 172, 173, 174, 188, 189, 190, 191, 192, 193, 194
01344, 71, 72, 89, 90, 91, 92, 93, 108, 109, 110, 111, 112, 113, 114, 128, 129, 130, 131, 132, 133, 134, 148, 149, 150, 151, 152, 153, 154, 168, 169, 170, 171, 172, 173, 174, 188, 189, 190, 191, 192, 193, 194
01345, 71, 72, 89, 90, 91, 92, 93, 108, 109, 110, 111, 112, 113, 114, 128, 129, 130, 131, 132, 133, 134, 148, 149, 150, 151, 152, 153, 154, 168, 169, 170, 171, 172, 173, 174, 188, 189, 190, 191, 192, 193, 194
01346, 71, 72, 89, 90, 91, 92, 93, 108, 109, 110, 111, 112, 113, 114, 128, 129, 130, 131, 132, 133, 134, 148, 149, 150, 151, 152, 153, 154, 168, 169, 170, 171, 172, 173, 174, 188, 189, 190, 191, 192, 193, 194
01347, 71, 72, 89, 90, 91, 92, 93, 108, 109, 110, 111, 112, 113, 114, 128, 129, 130, 131, 132, 133, 134, 148, 149, 150, 151, 152, 153, 154, 168, 169, 170, 171, 172, 173, 174, 188, 189, 190, 191, 192, 193, 194
01348, 71, 72, 89, 90, 91, 92, 93, 108, 109, 110, 111, 112, 113, 114, 128, 129, 130, 131, 132, 133, 134, 148, 149, 150, 151, 152, 153, 154, 168, 169, 170, 171, 172, 173, 174, 188, 189, 190, 191, 192, 193, 194
01349, 71, 72, 89, 90, 91, 92, 93, 108, 109, 110, 111, 112, 113, 114, 128, 129, 130, 131, 132, 133, 134, 148, 149, 150, 151, 152, 153, 154, 168, 169, 170, 171, 172, 173, 174, 188, 189, 190, 191, 192, 193, 194
01350, 71, 72, 89, 90, 91, 92, 93, 108, 109, 110, 111, 112, 113, 114, 128, 129, 130, 131, 132, 133, 134, 148, 149, 150, 151, 152, 153, 154, 168, 169, 170, 171, 172, 173, 174, 188, 189, 190, 191, 192, 193, 194
01351, 71, 72, 89, 90, 91, 92, 93, 108, 109, 110, 111, 112, 113, 114, 128, 129, 130, 131, 132, 133, 134, 148, 149, 150, 151, 152, 153, 154, 168, 169, 170, 171, 172, 173, 174, 189, 190, 191, 192, 193
01352, 71, 72, 89, 90, 91, 92, 93, 108, 109, 110, 111, 112, 113, 114, 128, 129, 130, 131, 132, 133, 134, 148, 149, 150, 151, 152, 153, 154, 168, 169, 170, 171, 172, 173, 174, 189, 190, 191, 192, 193
01353, 70, 71, 72, 73, 88, 89, 90, 91, 92, 93, 108, 109, 110, 111, 112, 113, 114, 128, 129, 130, 131, 132, 133, 134, 148, 149, 150, 151, 152, 153, 154, 168, 169, 170, 171, 172, 173, 174, 190, 191, 192
01354, 70, 71, 72, 73, 88, 89, 90, 91, 92, 93, 108, 109, 110, 111, 112, 113, 114, 128, 129, 130, 131, 132, 133, 134, 148, 149, 150, 151, 152, 153, 154, 168, 169, 170, 171, 172, 173, 174, 190, 191, 192
01355, 70, 71, 72, 73, 88, 89, 90, 91, 92, 93, 94, 108, 109, 110, 111, 112, 113, 114, 128, 129, 130, 131, 132, 133, 134, 148, 149, 150, 151, 152, 153, 154, 169, 170, 171, 172, 173
01356, 70, 71, 72, 73, 88, 89, 90, 91, 92, 93, 94, 108, 109, 110, 111, 112, 113, 114, 128, 129, 130, 131, 132, 133, 134, 148, 149, 150, 151, 152, 153, 154, 169, 170, 171, 172, 173
01357, 51, 52, 69, 70, 71, 72, 73, 88, 89, 90, 91, 92, 93, 94, 108, 109, 110, 111, 112, 113, 114, 128, 129, 130, 131, 132, 133, 134, 148, 149, 150, 151, 152, 153, 154, 169, 170, 171, 172, 173
01358, 51, 52, 69, 70, 71, 72, 73, 88, 89, 90, 91, 92, 93, 94, 108, 109, 110, 111, 112, 113, 114, 128, 129, 130, 131, 132, 133, 134, 148, 149, 150, 151, 152, 153, 154, 169, 170, 171, 172, 173
01359, 51, 52, 69, 70, 71, 72, 73, 88, 89, 90, 91, 92, 93, 94, 108, 109, 110, 111, 112, 113, 114, 128, 129, 130, 131, 132, 133, 134, 148, 149, 150, 151, 152, 153, 154, 169, 170, 171, 172, 173
01360, 51, 52, 69, 70, 71, 72, 73, 88, 89, 90, 91, 92, 93, 94, 108, 109, 110, 111, 112, 113, 114, 128, 129, 130, 131, 132, 133, 134, 148, 149, 150, 151, 152, 153, 154, 169, 170, 171, 172, 173
01361, 51, 52, 69, 70, 71, 72, 73, 88, 89, 90, 91, 92, 93, 94, 108, 109, 110, 111, 112, 113, 114, 128, 129, 130, 131, 132, 133, 134, 149, 150, 151, 152, 153, 154, 170, 171, 172, 173
01362, 51, 52, 69, 70, 71, 72, 73, 88, 89, 90, 91, 92, 93, 94, 108, 109, 110, 111, 112, 113, 114, 128, 129, 130, 131, 132, 133, 134, 149, 150, 151, 152, 153, 154, 170, 171, 172, 173
01363, 51, 52, 53, 69, 70, 71, 72, 73, 88, 89, 90, 91, 92, 93, 94, 108, 109, 110, 111, 112, 113, 114, 128, 129, 130, 131, 132, 133, 134, 149, 150, 151, 152, 153, 170, 171, 172
01364, 51, 52, 53, 69, 70, 71, 72, 73, 88, 89, 90, 91, 92, 93, 94, 108, 109, 110, 111, 112, 113, 114, 128, 129, 130, 131, 132, 133, 134, 149, 150, 151, 152, 153, 170, 171, 172
01365, 51, 52, 53, 69, 70, 71, 72, 73, 74, 88, 89, 90, 91, 92, 93, 94, 108, 109, 110, 111, 112, 113, 114, 129, 130, 131, 132, 133, 134, 149, 150, 151, 152, 153, 170, 171, 172
01366, 51, 52, 53, 69, 70, 71, 72, 73, 74, 88, 89, 90, 91, 92, 93, 94, 108, 109, 110, 111, 112, 113, 114, 129, 130, 131, 132, 133, 134, 149, 150, 151, 152, 153, 170, 171, 172
01367, 50, 51, 52, 53, 69, 70, 71, 72, 73, 74, 88, 89, 90, 91, 92, 93, 94, 108, 109, 110, 111, 112, 113, 114, 129, 130, 131, 132, 133, 134, 149, 150, 151, 152, 153, 171, 172
01368, 50, 51, 52, 53, 69, 70, 71, 72, 73, 74, 88, 89, 90, 91, 92, 93, 94, 108, 109, 110, 111, 112, 113, 114, 129, 130, 131, 132, 133, 134, 149, 150, 151, 152, 153, 171, 172
01369, 50, 51, 52, 53, 69, 70, 71, 72, 73, 74, 89, 90, 91, 92, 93, 94, 109, 110, 111, 112, 113, 114, 129, 130, 131, 132, 133, 134, 149, 150, 151, 152, 153
01370, 50, 51, 52, 53, 69, 70, 71, 72, 73, 74, 89, 90, 91, 92, 93, 94, 109, 110, 111, 112, 113, 114, 129, 130, 131, 132, 133, 134, 149, 150, 151, 152, 153
01371, 49, 50, 51, 52, 53, 69, 70, 71, 72, 73, 74, 88, 89, 90, 91, 92, 93, 94, 108, 109, 110, 111, 112, 113, 114, 129, 130, 131, 132, 133, 134, 149, 150, 151, 152, 153
01372, 49, 50, 51, 52, 53, 69, 70, 71, 72, 73, 74, 88, 89, 90, 91, 92, 93, 94, 108, 109, 110, 111, 112, 113, 114, 129, 130, 131, 132, 133, 134, 149, 150, 151, 152, 153
01373, 32, 49, 50, 51, 52, 53, 69, 70, 71, 72, 73, 74, 88, 89, 90, 91, 92, 93, 94, 108, 109, 110, 111, 112, 113, 114, 129, 130, 131, 132, 133, 134, 149, 150, 151, 152, 153
01374, 32, 49, 50, 51, 52, 53, 69, 70, 71, 72, 73, 74, 88, 89, 90, 91, 92, 93, 94, 108, 109, 110, 111, 112, 113, 114, 129, 130, 131, 132, 133, 134, 149, 150, 151, 152, 153
01375, 31, 32, 49, 50, 51, 52, 53, 69, 70, 71, 72, 73, 74, 88, 89, 90, 91, 92, 93, 94, 108, 109, 110, 111, 112, 113, 114, 129, 130, 131, 132, 133, 134, 150, 151, 152, 153
01376, 31, 32, 49, 50, 51, 52, 53, 69, 70, 71, 72, 73, 74, 88, 89, 90, 91, 92, 93, 94, 108, 109, 110, 111, 112, 113, 114, 129, 130, 131, 132, 133, 134, 150, 151, 152, 153
01377, 31, 32, 49, 50, 51, 52, 53, 69, 70, 71, 72, 73, 74, 88, 89, 90, 91, 92, 93, 94, 108, 109, 110, 111, 112, 113, 114, 129, 130, 131, 132, 133, 134, 150, 151, 152, 153
01378, 31, 32, 49, 50, 51, 52, 53, 69, 70, 71, 72, 73, 74, 88, 89, 90, 91, 92, 93, 94, 108, 109, 110, 111, 112, 113, 114, 129, 130, 131, 132, 133, 134, 150, 151, 152, 153
01379, 31, 32, 49, 50, 51, 52, 53, 69, 70, 71, 72, 73, 74, 88, 89, 90, 91, 92, 93, 94, 108, 109, 110, 111, 112, 113, 114, 129, 130, 131, 132, 133, 134, 150, 151, 152, 153
01380, 31, 32, 49, 50, 51, 52, 53, 69, 70, 71, 72, 73, 74, 88, 89, 90, 91, 92, 93, 94, 108, 109, 110, 111, 112, 113, 114, 129, 130, 131, 132, 133, 134, 150, 151, 152, 153
01381, 31, 32, 49, 50, 51, 52, 53, 69, 70, 71, 72, 73, 74, 88, 89, 90, 91, 92, 93, 94, 108, 109, 110, 111, 112, 113, 114, 129, 130, 131, 132, 133, 134, 150, 151, 152, 153
01382, 31, 32, 49, 50, 51, 52, 53, 69, 70, 71, 72, 73, 74, 88, 89, 90, 91, 92, 93, 94, 108, 109, 110, 111, 112, 113, 114, 129, 130, 131, 132, 133, 134, 150, 151, 152, 153
01383, 31, 32, 49, 50, 51, 52, 53, 54, 69, 70, 71, 72, 73, 74, 89, 90, 91, 92, 93, 94, 109, 110, 111, 112, 113, 114, 129, 130, 131, 132, 133, 134, 150, 151, 152, 153
01384, 31, 32, 49, 50, 51, 52, 53, 54, 69, 70, 71, 72, 73, 74, 89, 90, 91, 92, 93, 94, 109, 110, 111, 112, 113, 114, 129, 130, 131, 132, 133, 134, 150, 151, 152, 153
01385, 31, 32, 49, 50, 51, 52, 53, 54, 69, 70, 71, 72, 73, 74, 89, 90, 91, 92, 93, 94, 109, 110, 111, 112, 113, 114, 129, 130, 131, 132, 133, 134, 150, 151, 152, 153
01386, 31, 32, 49, 50, 51, 52, 53, 54, 69, 70, 71, 72, 73, 74, 89, 90, 91, 92, 93, 94, 109, 110, 111, 112, 113, 114, 129, 130, 131, 132, 133, 134, 150, 151, 152, 153
01387, 31, 32, 49, 50, 51, 52, 53, 54, 69, 70, 71, 72, 73, 74, 89, 90, 91, 92, 93, 94, 109, 110, 111, 112, 113, 114, 129, 130, 131, 132, 133, 134, 150, 151, 152, 153
01388, 31, 32, 49, 50, 51, 52, 53, 54, 69, 70, 71, 72, 73, 74, 89, 90, 91, 92, 93, 94, 109, 110, 111, 112, 113, 114, 129, 130, 131, 132, 133, 134, 150, 151, 152, 153
01389, 32, 49, 50, 51, 52, 53, 54, 69, 70, 71, 72, 73, 74, 89, 90, 91, 92, 93, 94, 109, 110, 111, 112, 113, 114, 129, 130, 131, 132, 133, 134, 150, 151, 152, 153
01390, 32, 49, 50, 51, 52, 53, 54, 69, 70, 71, 72, 73, 74, 89, 90, 91, 92, 93, 94, 109, 110, 111, 112, 113, 114, 129, 130, 131, 132, 133, 134, 150, 151, 152, 153
01391, 51, 52, 53, 69, 70, 71, 72, 73, 74, 89, 90, 91, 92, 93, 94, 109, 110, 111, 112, 113, 114, 129, 130, 131, 132, 133, 134, 150, 151, 152, 153
01392, 51, 52, 53, 69, 70, 71, 72, 73, 74, 89, 90, 91, 92, 93, 94, 109, 110, 111, 112, 113, 114, 129, 130, 131, 132, 133, 134, 150, 151, 152, 153
01393, 51, 52, 53, 69, 70, 71, 72, 73, 74, 89, 90, 91, 92, 93, 94, 109, 110, 111, 112, 113, 114, 129, 130, 131, 132, 133, 134, 149, 150, 151, 152, 153, 154, 171, 172
01394, 51, 52, 53, 69, 70, 71, 72, 73, 74, 89, 90, 91, 92, 93, 94, 109, 110, 111, 112, 113, 114, 129, 130, 131, 132, 133, 134, 149, 150, 151, 152, 153, 154, 171, 172
01395, 51, 52, 53, 69, 70, 71, 72, 73, 74, 89, 90, 91, 92, 93, 94, 109, 110, 111, 112, 113, 114, 129, 130, 131, 132, 133, 134, 149, 150, 151, 152, 153, 154, 171, 172
01396, 51, 52, 53, 69, 70, 71, 72, 73, 74, 89, 90, 91, 92, 93, 94, 109, 110, 111, 112, 113, 114, 129, 130, 131, 132, 133, 134, 149, 150, 151, 152, 153, 154, 171, 172
01397, 51, 52, 53, 69, 70, 71, 72, 73, 74, 89, 90, 91, 92, 93, 94, 109, 110, 111, 112, 113, 114, 129, 130, 131, 132, 133, 134, 149, 150, 151, 152, 153, 154, 171, 172
01398, 51, 52, 53, 69, 70, 71, 72, 73, 74, 89, 90, 91, 92, 93, 94, 109, 110, 111, 112, 113, 114, 129, 130, 131, 132, 133, 134, 149, 150, 151, 152, 153, 154, 171, 172
01399, 51, 52, 53, 69, 70, 71, 72, 73, 74, 89, 90, 91, 92, 93, 94, 109, 110, 111, 112, 113, 114, 129, 130, 131, 132, 133, 134, 149, 150, 151, 152, 153, 154, 171, 172
01400, 51, 52, 53, 69, 70, 71, 72, 73, 74, 89, 90, 91, 92, 93, 94, 109, 110, 111, 112, 113, 114, 129, 130, 131, 132, 133, 134, 149, 150, 151, 152, 153, 154, 171, 172
01401, 51, 52, 53, 69, 70, 71, 72, 73, 74, 89, 90, 91, 92, 93, 94, 109, 110, 111, 112, 113, 114, 129, 130, 131, 132, 133, 134, 150, 151, 152, 153
01402, 51, 52, 53, 69, 70, 71, 72, 73, 74, 89, 90, 91, 92, 93, 94, 109, 110, 111, 112, 113, 114, 129, 130, 131, 132, 133, 134, 150, 151, 152, 153
01403, 50, 51, 52, 53, 69, 70, 71, 72, 73, 74, 89, 90, 91, 92, 93, 94, 109, 110, 111, 112, 113, 114, 129, 130, 131, 132, 133, 134, 150, 151, 152, 153
01404, 50, 51, 52, 53, 69, 70, 71, 72, 73, 74, 89, 90, 91, 92, 93, 94, 109, 110, 111, 112, 113, 114, 129, 130, 131, 132, 133, 134, 150, 151, 152, 153
01405, 32, 49, 50, 51, 52, 53, 54, 69, 70, 71, 72, 73, 74, 89, 90, 91, 92, 93, 94, 109, 110, 111, 112, 113, 114, 129, 130, 131, 132, 133, 134, 150, 151, 152, 153
01406, 32, 49, 50, 51, 52, 53, 54, 69, 70, 71, 72, 73, 74, 89, 90, 91, 92, 93, 94, 109, 110, 111, 112, 113, 114, 129, 130, 131, 132, 133, 134, 150, 151, 152, 153
01407, 31, 32, 49, 50, 51, 52, 53, 54, 69, 70, 71, 72, 73, 74, 89, 90, 91, 92, 93, 94, 109, 110, 111, 112, 113, 114, 129, 130, 131, 132, 133, 134, 150, 151, 152, 153
01408, 31, 32, 49, 50, 51, 52, 53, 54, 69, 70, 71, 72, 73, 74, 89, 90, 91, 92, 93, 94, 109, 110, 111, 112, 113, 114, 129, 130, 131, 132, 133, 134, 150, 151, 152, 153
01409, 31, 32, 33, 49, 50, 51, 52, 53, 54, 69, 70, 71, 72, 73, 74, 88, 89, 90, 91, 92, 93, 94, 109, 110, 111, 112, 113, 114, 129, 130, 131, 132, 133, 134, 150, 151, 152, 153
01410, 31, 32, 33, 49, 50, 51, 52, 53, 54, 69, 70, 71, 72, 73, 74, 88, 89, 90, 91, 92, 93, 94, 109, 110, 111, 112, 113, 114, 129, 130, 131, 132, 133, 134, 150, 151, 152, 153
01411, 31, 32, 33, 49, 50, 51, 52, 53, 54, 68, 69, 70, 71, 72, 73, 74, 88, 89, 90, 91, 92, 93, 94, 108, 109, 110, 111, 112, 113, 114, 129, 130, 131, 132, 133, 150, 151, 152, 153
01412, 31, 32, 33, 49, 50, 51, 52, 53, 54, 68, 69, 70, 71, 72, 73, 74, 88, 89, 90, 91, 92, 93, 94, 108, 109, 110, 111, 112, 113, 114, 129, 130, 131, 132, 133, 150, 151, 152, 153
01413, 31, 32, 33, 49, 50, 51, 52, 53, 54, 68, 69, 70, 71, 72, 73, 74, 88, 89, 90, 91, 92, 93, 94, 108, 109, 110, 111, 112, 113, 114, 129, 130, 131, 132, 133, 150, 151, 152
01414, 31, 32, 33, 49, 50, 51, 52, 53, 54, 68, 69, 70, 71, 72, 73, 74, 88, 89, 90, 91, 92, 93, 94, 108, 109, 110, 111, 112, 113, 114, 129, 130, 131, 132, 133, 150, 151, 152
01415, 30, 31, 32, 33, 49, 50, 51, 52, 53, 54, 68, 69, 70, 71, 72, 73, 74, 88, 89, 90, 91, 92, 93, 94, 108, 109, 110, 111, 112, 113, 114, 129, 130, 131, 132, 133, 150, 151, 152
01416, 30, 31, 32, 33, 49, 50, 51, 52, 53, 54, 68, 69, 70, 71, 72, 73, 74, 88, 89, 90, 91, 92, 93, 94, 108, 109, 110, 111, 112, 113, 114, 129, 130, 131, 132, 133, 150, 151, 152
01417, 30, 31, 32, 33, 48, 49, 50, 51, 52, 53, 54, 68, 69, 70, 71, 72, 73, 74, 88, 89, 90, 91, 92, 93, 94, 108, 109, 110, 111, 112, 113, 114, 129, 130, 131, 132, 133, 150, 151, 152
01418, 30, 31, 32, 33, 48, 49, 50, 51, 52, 53, 54, 68, 69, 70, 71, 72, 73, 74, 88, 89, 90, 91, 92, 93, 94, 108, 109, 110, 111, 112, 113, 114, 129, 130, 131, 132, 133, 150, 151, 152
01419, 30, 31, 32, 33, 48, 49, 50, 51, 52, 53, 68, 69, 70, 71, 72, 73, 74, 88, 89, 90, 91, 92, 93, 94, 108, 109, 110, 111, 112, 113, 114, 129, 130, 131, 132, 133, 150, 151, 152
01420, 30, 31, 32, 33, 48, 49, 50, 51, 52, 53, 68, 69, 70, 71, 72, 73, 74, 88, 89, 90, 91, 92, 93, 94, 108, 109, 110, 111, 112, 113, 114, 129, 130, 131, 132, 133, 150, 151, 152
01421, 30, 31, 32, 33, 48, 49, 50, 51, 52, 53, 68, 69, 70, 71, 72, 73, 74, 88, 89, 90, 91, 92, 93, 94, 108, 109, 110, 111, 112, 113, 114, 129, 130, 131, 132, 133, 150, 151, 152
01422, 30, 31, 32, 33, 48, 49, 50, 51, 52, 53, 68, 69, 70, 71, 72, 73, 74, 88, 89, 90, 91, 92, 93, 94, 108, 109, 110, 111, 112, 113, 114, 129, 130, 131, 132, 133, 150, 151, 152
01423, 30, 31, 32, 33, 48, 49, 50, 51, 52, 53, 68, 69, 70, 71, 72, 73, 74, 88, 89, 90, 91, 92, 93, 94, 108, 109, 110, 111, 112, 113, 129, 130, 131, 132, 133, 150, 151, 152
01424, 30, 31, 32, 33, 48, 49, 50, 51, 52, 53, 68, 69, 70, 71, 72, 73, 74, 88, 89, 90, 91, 92, 93, 94, 108, 109, 110, 111, 112, 113, 129, 130, 131, 132, 133, 150, 151, 152
01425, 30, 31, 32, 48, 49, 50, 51, 52, 53, 68, 69, 70, 71, 72, 73, 88, 89, 90, 91, 92, 93, 108, 109, 110, 111, 112, 113, 128, 129, 130, 131, 132, 133, 150, 151, 152
01426, 30, 31, 32, 48, 49, 50, 51, 52, 53, 68, 69, 70, 71, 72, 73, 88, 89, 90, 91, 92, 93, 108, 109, 110, 111, 112, 113, 128, 129, 130, 131, 132, 133, 150, 151, 152
01427, 30, 31, 32, 48, 49, 50, 51, 52, 53, 68, 69, 70, 71, 72, 73, 88, 89, 90, 91, 92, 93, 108, 109, 110, 111, 112, 113, 128, 129, 130, 131, 132, 149, 150, 151
01428, 30, 31, 32, 48, 49, 50, 51, 52, 53, 68, 69, 70, 71, 72, 73, 88, 89, 90, 91, 92, 93, 108, 109, 110, 111, 112, 113, 128, 129, 130, 131, 132, 149, 150, 151
01429, 29, 30, 31, 32, 48, 49, 50, 51, 52, 53, 67, 68, 69, 70, 71, 72, 73, 87, 88, 89, 90, 91, 92, 93, 108, 109, 110, 111, 112, 113, 128, 129, 130, 131, 132, 149, 150, 151
01430, 29, 30, 31, 32, 48, 49, 50, 51, 52, 53, 67, 68, 69, 70, 71, 72, 73, 87, 88, 89, 90, 91, 92, 93, 108, 109, 110, 111, 112, 113, 128, 129, 130, 131, 132, 149, 150, 151
01431, 29, 30, 31, 32, 47, 48, 49, 50, 51, 52, 53, 67, 68, 69, 70, 71, 72, 73, 87, 88, 89, 90, 91, 92, 93, 107, 108, 109, 110, 111, 112, 113, 128, 129, 130, 131, 132, 149, 150, 151
01432, 29, 30, 31, 32, 47, 48, 49, 50, 51, 52, 53, 67, 68, 69, 70, 71, 72, 73, 87, 88, 89, 90, 91, 92, 93, 107, 108, 109, 110, 111, 112, 113, 128, 129, 130, 131, 132, 149, 150, 151
01433, 29, 30, 31, 32, 47, 48, 49, 50, 51, 52, 53, 67, 68, 69, 70, 71, 72, 73, 87, 88, 89, 90, 91, 92, 93, 107, 108, 109, 110, 111, 112, 113, 128, 129, 130, 131, 132, 149, 150, 151
01434, 29, 30, 31, 32, 47, 48, 49, 50, 51, 52, 53, 67, 68, 69, 70, 71, 72, 73, 87, 88, 89, 90, 91, 92, 93, 107, 108, 109, 110, 111, 112, 113, 128, 129, 130, 131, 132, 149, 150, 151
01435, 29, 30, 31, 32, 47, 48, 49, 50, 51, 52, 67, 68, 69, 70, 71, 72, 73, 87, 88, 89, 90, 91, 92, 93, 107, 108, 109, 110, 111, 112, 113, 128, 129, 130, 131, 132, 149, 150, 151
01436, 29, 30, 31, 32, 47, 48, 49, 50, 51, 52, 67, 68, 69, 70, 71, 72, 73, 87, 88, 89, 90, 91, 92, 93, 107, 108, 109, 110, 111, 112, 113, 128, 129, 130, 131, 132, 149, 150, 151
01437, 29, 30, 31, 32, 47, 48, 49, 50, 51, 52, 67, 68, 69, 70, 71, 72, 73, 87, 88, 89, 90, 91, 92, 93, 107, 108, 109, 110, 111, 112, 128, 129, 130, 131, 132, 149, 150, 151
01438, 29, 30, 31, 32, 47, 48, 49, 50, 51, 52, 67, 68, 69, 70, 71, 72, 73, 87, 88, 89, 90, 91, 92, 93, 107, 108, 109, 110, 111, 112, 128, 129, 130, 131, 132, 149, 150, 151
01439, 29, 30, 31, 32, 47, 48, 49, 50, 51, 52, 67, 68, 69, 70, 71, 72, 87, 88, 89, 90, 91, 92, 107, 108, 109, 110, 111, 112, 128, 129, 130, 131, 132, 149, 150
01440, 29, 30, 31, 32, 47, 48, 49, 50, 51, 52, 67, 68, 69, 70, 71, 72, 87, 88, 89, 90, 91, 92, 107, 108, 109, 110, 111, 112, 128, 129, 130, 131, 132, 149, 150
01441, 29, 30, 31, 47, 48, 49, 50, 51, 52, 67, 68, 69, 70, 71, 72, 87, 88, 89, 90, 91, 92, 107, 108, 109, 110, 111, 112, 127, 128, 129, 130, 131, 132, 149, 150
01442, 29, 30, 31, 47, 48, 49, 50, 51, 52, 67, 68, 69, 70, 71, 72, 87, 88, 89, 90, 91, 92, 107, 108, 109, 110, 111, 112, 127, 128, 129, 130, 131, 132, 149, 150
01443, 28, 29, 30, 31, 47, 48, 49, 50, 51, 52, 67, 68, 69, 70, 71, 72, 86, 87, 88, 89, 90, 91, 92, 107, 108, 109, 110, 111, 112, 127, 128, 129, 130, 131, 149, 150
01444, 28, 29, 30, 31, 47, 48, 49, 50, 51, 52, 67, 68, 69, 70, 71, 72, 86, 87, 88, 89, 90, 91, 92, 107, 108, 109, 110, 111, 112, 127, 128, 129, 130, 131, 149, 150
01445, 28, 29, 30, 31, 47, 48, 49, 50, 51, 52, 66, 67, 68, 69, 70, 71, 72, 86, 87, 88, 89, 90, 91, 92, 107, 108, 109, 110, 111, 112, 127, 128, 129, 130, 131, 148, 149, 150
01446, 28, 29, 30, 31, 47, 48, 49, 50, 51, 52, 66, 67, 68, 69, 70, 71, 72, 86, 87, 88, 89, 90, 91, 92, 107, 108, 109, 110, 111, 112, 127, 128, 129, 130, 131, 148, 149, 150
01447, 28, 29, 30, 31, 47, 48, 49, 50, 51, 52, 66, 67, 68, 69, 70, 71, 72, 86, 87, 88, 89, 90, 91, 92, 106, 107, 108, 109, 110, 111, 112, 127, 128, 129, 130, 131, 148, 149, 150
01448, 28, 29, 30, 31, 47, 48, 49, 50, 51, 52, 66, 67, 68, 69, 70, 71, 72, 86, 87, 88, 89, 90, 91, 92, 106, 107, 108, 109, 110, 111, 112, 127, 128, 129, 130, 131, 148, 149, 150
01449, 28, 29, 30, 31, 46, 47, 48, 49, 50, 51, 52, 66, 67, 68, 69, 70, 71, 72, 86, 87, 88, 89, 90, 91, 92, 106, 107, 108, 109, 110, 111, 112, 127, 128, 129, 130, 131, 148, 149, 150
01450, 28, 29, 30, 31, 46, 47, 48, 49, 50, 51, 52, 66, 67, 68, 69, 70, 71, 72, 86, 87, 88, 89, 90, 91, 92, 106, 107, 108, 109, 110, 111, 112, 127, 128, 129, 130, 131, 148, 149, 150
01451, 28, 29, 30, 31, 46, 47, 48, 49, 50, 51, 52, 66, 67, 68, 69, 70, 71, 72, 86, 87, 88, 89, 90, 91, 92, 106, 107, 108, 109, 110, 111, 112, 127, 128, 129, 130, 131, 148, 149, 150
01452, 28, 29, 30, 31, 46, 47, 48, 49, 50, 51, 52, 66, 67, 68, 69, 70, 71, 72, 86, 87, 88, 89, 90, 91, 92, 106, 107, 108, 109, 110, 111, 112, 127, 128, 129, 130, 131, 148, 149, 150
01453, 28, 29, 30, 31, 46, 47, 48, 49, 50, 51, 52, 66, 67, 68, 69, 70, 71, 72, 86, 87, 88, 89, 90, 91, 92, 106, 107, 108, 109, 110, 111, 112, 127, 128, 129, 130, 131, 148, 149, 150
01454, 28, 29, 30, 31, 46, 47, 48, 49, 50, 51, 52, 66, 67, 68, 69, 70, 71, 72, 86, 87, 88, 89, 90, 91, 92, 106, 107, 108, 109, 110, 111, 112, 127, 128, 129, 130, 131, 148, 149, 150
01455, 28, 29, 30, 31, 46, 47, 48, 49, 50, 51, 66, 67, 68, 69, 70, 71, 72, 86, 87, 88, 89, 90, 91, 92, 106, 107, 108, 109, 110, 111, 127, 128, 129, 130, 131, 148, 149
01456, 28, 29, 30, 31, 46, 47, 48, 49, 50, 51, 66, 67, 68, 69, 70, 71, 72, 86, 87, 88, 89, 90, 91, 92, 106, 107, 108, 109, 110, 111, 127, 128, 129, 130, 131, 148, 149
01457, 28, 29, 30, 31, 46, 47, 48, 49, 50, 51, 66, 67, 68, 69, 70, 71, 86, 87, 88, 89, 90, 91, 106, 107, 108, 109, 110, 111, 127, 128, 129, 130, 131, 148, 149
01458, 28, 29, 30, 31, 46, 47, 48, 49, 50, 51, 66, 67, 68, 69, 70, 71, 86, 87, 88, 89, 90, 91, 106, 107, 108, 109, 110, 111, 127, 128, 129, 130, 131, 148, 149
01459, 28, 29, 30, 46, 47, 48, 49, 50, 51, 66, 67, 68, 69, 70, 71, 86, 87, 88, 89, 90, 91, 106, 107, 108, 109, 110, 111, 126, 127, 128, 129, 130, 131, 148, 149
01460, 28, 29, 30, 46, 47, 48, 49, 50, 51, 66, 67, 68, 69, 70, 71, 86, 87, 88, 89, 90, 91, 106, 107, 108, 109, 110, 111, 126, 127, 128, 129, 130, 131, 148, 149
01461, 27, 28, 29, 30, 46, 47, 48, 49, 50, 51, 66, 67, 68, 69, 70, 71, 86, 87, 88, 89, 90, 91, 106, 107, 108, 109, 110, 111, 126, 127, 128, 129, 130, 147, 148, 149
01462, 27, 28, 29, 30, 46, 47, 48, 49, 50, 51, 66, 67, 68, 69, 70, 71, 86, 87, 88, 89, 90, 91, 106, 107, 108, 109, 110, 111, 126, 127, 128, 129, 130, 147, 148, 149
01463, 27, 28, 29, 30, 46, 47, 48, 49, 50, 51, 65, 66, 67, 68, 69, 70, 71, 85, 86, 87, 88, 89, 90, 91, 106, 107, 108, 109, 110, 111, 126, 127, 128, 129, 130, 147, 148, 149
01464, 27, 28, 29, 30, 46, 47, 48, 49, 50, 51, 65, 66, 67, 68, 69, 70, 71, 85, 86, 87, 88, 89, 90, 91, 106, 107, 108, 109, 110, 111, 126, 127, 128, 129, 130, 147, 148, 149
01465, 27, 28, 29, 30, 46, 47, 48, 49, 50, 51, 65, 66, 67, 68, 69, 70, 71, 85, 86, 87, 88, 89, 90, 91, 105, 106, 107, 108, 109, 110, 111, 126, 127, 128, 129, 130, 147, 148, 149
01466, 27, 28, 29, 30, 46, 47, 48, 49, 50, 51, 65, 66, 67, 68, 69, 70, 71, 85, 86, 87, 88, 89, 90, 91, 105, 106, 107, 108, 109, 110, 111, 126, 127, 128, 129, 130, 147, 148, 149
01467, 27, 28, 29, 30, 46, 47, 48, 49, 50, 51, 65, 66, 67, 68, 69, 70, 71, 85, 86, 87, 88, 89, 90, 91, 105, 106, 107, 108, 109, 110, 111, 126, 127, 128, 129, 130, 147, 148, 149
01468, 27, 28, 29, 30, 46, 47, 48, 49, 50, 51, 65, 66, 67, 68, 69, 70, 71, 85, 86, 87, 88, 89, 90, 91, 105, 106, 107, 108, 109, 110, 111, 126, 127, 128, 129, 130, 147, 148, 149
01469, 27, 28, 29, 46, 47, 48, 49, 50, 65, 66, 67, 68, 69, 70, 71, 85, 86, 87, 88, 89, 90, 91, 105, 106, 107, 108, 109, 110, 111, 126, 127, 128, 129, 130, 147, 148, 149
01470, 27, 28, 29, 46, 47, 48, 49, 50, 65, 66, 67, 68, 69, 70, 71, 85, 86, 87, 88, 89, 90, 91, 105, 106, 107, 108, 109, 110, 111, 126, 127, 128, 129, 130, 147, 148, 149
01471, 28, 29, 46, 47, 48, 49, 50, 65, 66, 67, 68, 69, 70, 71, 85, 86, 87, 88, 89, 90, 91, 105, 106, 107, 108, 109, 110, 111, 126, 127, 128, 129, 130, 146, 147, 148, 149
01472, 28, 29, 46, 47, 48, 49, 50, 65, 66, 67, 68, 69, 70, 71, 85, 86, 87, 88, 89, 90, 91, 105, 106, 107, 108, 109, 110, 111, 126, 127, 128, 129, 130, 146, 147, 148, 149
01473, 28, 29, 46, 47, 48, 49, 50, 65, 66, 67, 68, 69, 70, 71, 85, 86, 87, 88, 89, 90, 91, 105, 106, 107, 108, 109, 110, 111, 125, 126, 127, 128, 129, 130, 146, 147, 148, 149
01474, 28, 29, 46, 47, 48, 49, 50, 65, 66, 67, 68, 69, 70, 71, 85, 86, 87, 88, 89, 90, 91, 105, 106, 107, 108, 109, 110, 111, 125, 126, 127, 128, 129, 130, 146, 147, 148, 149
01475, 28, 29, 46, 47, 48, 49, 50, 65, 66, 67, 68, 69, 70, 85, 86, 87, 88, 89, 90, 91, 105, 106, 107, 108, 109, 110, 111, 125, 126, 127, 128, 129, 130, 146, 147, 148, 149
01476, 28, 29, 46, 47, 48, 49, 50, 65, 66, 67, 68, 69, 70, 85, 86, 87, 88, 89, 90, 91, 105, 106, 107, 108, 109, 110, 111, 125, 126, 127, 128, 129, 130, 146, 147, 148, 149
01477, 28, 46, 47, 48, 49, 50, 65, 66, 67, 68, 69, 70, 85, 86, 87, 88, 89, 90, 91, 105, 106, 107, 108, 109, 110, 111, 125, 126, 127, 128, 129, 130, 146, 147, 148, 149, 150
01478, 28, 46, 47, 48, 49, 50, 65, 66, 67, 68, 69, 70, 85, 86, 87, 88, 89, 90, 91, 105, 106, 107, 108, 109, 110, 111, 125, 126, 127, 128, 129, 130, 146, 147, 148, 149, 150
01479, 47, 48, 49, 50, 65, 66, 67, 68, 69, 70, 85, 86, 87, 88, 89, 90, 91, 105, 106, 107, 108, 109, 110, 111, 125, 126, 127, 128, 129, 130, 146, 147, 148, 149, 150
01480, 47, 48, 49, 50, 65, 66, 67, 68, 69, 70, 85, 86, 87, 88, 89, 90, 91, 105, 106, 107, 108, 109, 110, 111, 125, 126, 127, 128, 129, 130, 146, 147, 148, 149, 150
01481, 47, 48, 49, 50, 65, 66, 67, 68, 69, 70, 85, 86, 87, 88, 89, 90, 91, 105, 106, 107, 108, 109, 110, 111, 125, 126, 127, 128, 129, 130, 146, 147, 148, 149, 150
01482, 47, 48, 49, 50, 65, 66, 67, 68, 69, 70, 85, 86, 87, 88, 89, 90, 91, 105, 106, 107, 108, 109, 110, 111, 125, 126, 127, 128, 129, 130, 146, 147, 148, 149, 150
01483, 47, 48, 49, 50, 65, 66, 67, 68, 69, 70, 85, 86, 87, 88, 89, 90, 91, 105, 106, 107, 108, 109, 110, 111, 125, 126, 127, 128, 129, 130, 146, 147, 148, 149, 150, 167, 168
01484, 47, 48, 49, 50, 65, 66, 67, 68, 69, 70, 85, 86, 87, 88, 89, 90, 91, 105, 106, 107, 108, 109, 110, 111, 125, 126, 127, 128, 129, 130, 146, 147, 148, 149, 150, 167, 168
01485, 47, 48, 49, 65, 66, 67, 68, 69, 70, 85, 86, 87, 88, 89, 90, 91, 105, 106, 107, 108, 109, 110, 111, 125, 126, 127, 128, 129, 130, 131, 146, 147, 148, 149, 150, 167, 168, 169
01486, 47, 48, 49, 65, 66, 67, 68, 69, 70, 85, 86, 87, 88, 89, 90, 91, 105, 106, 107, 108, 109, 110, 111, 125, 126, 127, 128, 129, 130, 131, 146, 147, 148, 149, 150, 167, 168, 169
01487, 47, 48, 49, 66, 67, 68, 69, 70, 85, 86, 87, 88, 89, 90, 91, 105, 106, 107, 108, 109, 110, 111, 125, 126, 127, 128, 129, 130, 131, 146, 147, 148, 149, 150, 167, 168, 169
01488, 47, 48, 49, 66, 67, 68, 69, 70, 85, 86, 87, 88, 89, 90, 91, 105, 106, 107, 108, 109, 110, 111, 125, 126, 127, 128, 129, 130, 131, 146, 147, 148, 149, 150, 167, 168, 169
01489, 48, 49, 66, 67, 68, 69, 70, 85, 86, 87, 88, 89, 90, 91, 105, 106, 107, 108, 109, 110, 111, 125, 126, 127, 128, 129, 130, 131, 146, 147, 148, 149, 150, 167, 168, 169
01490, 48, 49, 66, 67, 68, 69, 70, 85, 86, 87, 88, 89, 90, 91, 105, 106, 107, 108, 109, 110, 111, 125, 126, 127, 128, 129, 130, 131, 146, 147, 148, 149, 150, 167, 168, 169
01491, 48, 49, 66, 67, 68, 69, 70, 85, 86, 87, 88, 89, 90, 91, 105, 106, 107, 108, 109, 110, 111, 125, 126, 127, 128, 129, 130, 131, 146, 147, 148, 149, 150, 151, 166, 167, 168, 169, 170
01492, 48, 49, 66, 67, 68, 69, 70, 85, 86, 87, 88, 89, 90, 91, 105, 106, 107, 108, 109, 110, 111, 125, 126, 127, 128, 129, 130, 131, 146, 147, 148, 149, 150, 151, 166, 167, 168, 169, 170
01493, 48, 49, 66, 67, 68, 69, 70, 86, 87, 88, 89, 90, 91, 105, 106, 107, 108, 109, 110, 111, 125, 126, 127, 128, 129, 130, 131, 146, 147, 148, 149, 150, 151, 166, 167, 168, 169, 170
01494, 48, 49, 66, 67, 68, 69, 70, 86, 87, 88, 89, 90, 91, 105, 106, 107, 108, 109, 110, 111, 125, 126, 127, 128, 129, 130, 131, 146, 147, 148, 149, 150, 151, 166, 167, 168, 169, 170
01495, 49, 66, 67, 68, 69, 70, 86, 87, 88, 89, 90, 91, 106, 107, 108, 109, 110, 111, 126, 127, 128, 129, 130, 131, 146, 147, 148, 149, 150, 151, 166, 167, 168, 169, 170
01496, 49, 66, 67, 68, 69, 70, 86, 87, 88, 89, 90, 91, 106, 107, 108, 109, 110, 111, 126, 127, 128, 129, 130, 131, 146, 147, 148, 149, 150, 151, 166, 167, 168, 169, 170
01497, 49, 67, 68, 69, 70, 86, 87, 88, 89, 90, 91, 106, 107, 108, 109, 110, 111, 126, 127, 128, 129, 130, 131, 146, 147, 148, 149, 150, 151, 166, 167, 168, 169, 170, 171
01498, 49, 67, 68, 69, 70, 86, 87, 88, 89, 90, 91, 106, 107, 108, 109, 110, 111, 126, 127, 128, 129, 130, 131, 146, 147, 148, 149, 150, 151, 166, 167, 168, 169, 170, 171
01499, 68, 69, 70, 86, 87, 88, 89, 90, 91, 106, 107, 108, 109, 110, 111, 112, 126, 127, 128, 129, 130, 131, 132, 146, 147, 148, 149, 150, 151, 152, 166, 167, 168, 169, 170, 171
01500, 68, 69, 70, 86, 87, 88, 89, 90, 91, 106, 107, 108, 109, 110, 111, 112, 126, 127, 128, 129, 130, 131, 132, 146, 147, 148, 149, 150, 151, 152, 166, 167, 168, 169, 170, 171
01501, 68, 69, 70, 86, 87, 88, 89, 90, 91, 106, 107, 108, 109, 110, 111, 112, 126, 127, 128, 129, 130, 131, 132, 146, 147, 148, 149, 150, 151, 152, 166, 167, 168, 169, 170, 171, 172, 188, 189, 190
01502, 68, 69, 70, 86, 87, 88, 89, 90, 91, 106, 107, 108, 109, 110, 111, 112, 126, 127, 128, 129, 130, 131, 132, 146, 147, 148, 149, 150, 151, 152, 166, 167, 168, 169, 170, 171, 172, 188, 189, 190
01503, 69, 70, 87, 88, 89, 90, 91, 106, 107, 108, 109, 110, 111, 112, 126, 127, 128, 129, 130, 131, 132, 146, 147, 148, 149, 150, 151, 152, 166, 167, 168, 169, 170, 171, 172, 187, 188, 189, 190, 191
01504, 69, 70, 87, 88, 89, 90, 91, 106, 107, 108, 109, 110, 111, 112, 126, 127, 128, 129, 130, 131, 132, 146, 147, 148, 149, 150, 151, 152, 166, 167, 168, 169, 170, 171, 172, 187, 188, 189, 190, 191
01505, 69, 70, 87, 88, 89, 90, 91, 92, 106, 107, 108, 109, 110, 111, 112, 126, 127, 128, 129, 130, 131, 132, 146, 147, 148, 149, 150, 151, 152, 166, 167, 168, 169, 170, 171, 172, 187, 188, 189, 190, 191, 192
01506, 69, 70, 87, 88, 89, 90, 91, 92, 106, 107, 108, 109, 110, 111, 112, 126, 127, 128, 129, 130, 131, 132, 146, 147, 148, 149, 150, 151, 152, 166, 167, 168, 169, 170, 171, 172, 187, 188, 189, 190, 191, 192
01507, 69, 70, 87, 88, 89, 90, 91, 92, 106, 107, 108, 109, 110, 111, 112, 126, 127, 128, 129, 130, 131, 132, 133, 146, 147, 148, 149, 150, 151, 152, 153, 166, 167, 168, 169, 170, 171, 172, 187, 188, 189, 190, 191, 192
01508, 69, 70, 87, 88, 89, 90, 91, 92, 106, 107, 108, 109, 110, 111, 112, 126, 127, 128, 129, 130, 131, 132, 133, 146, 147, 148, 149, 150, 151, 152, 153, 166, 167, 168, 169, 170, 171, 172, 187, 188, 189, 190, 191, 192
01509, 69, 70, 71, 87, 88, 89, 90, 91, 92, 107, 108, 109, 110, 111, 112, 126, 127, 128, 129, 130, 131, 132, 133, 146, 147, 148, 149, 150, 151, 152, 153, 166, 167, 168, 169, 170, 171, 172, 173, 187, 188, 189, 190, 191, 192
01510, 69, 70, 71, 87, 88, 89, 90, 91, 92, 107, 108, 109, 110, 111, 112, 126, 127, 128, 129, 130, 131, 132, 133, 146, 147, 148, 149, 150, 151, 152, 153, 166, 167, 168, 169, 170, 171, 172, 173, 187, 188, 189, 190, 191, 192
01511, 69, 70, 71, 87, 88, 89, 90, 91, 92, 107, 108, 109, 110, 111, 112, 113, 126, 127, 128, 129, 130, 131, 132, 133, 146, 147, 148, 149, 150, 151, 152, 153, 166, 167, 168, 169, 170, 171, 172, 173, 187, 188, 189, 190, 191, 192
01512, 69, 70, 71, 87, 88, 89, 90, 91, 92, 107, 108, 109, 110, 111, 112, 113, 126, 127, 128, 129, 130, 131, 132, 133, 146, 147, 148, 149, 150, 151, 152, 153, 166, 167, 168, 169, 170, 171, 172, 173, 187, 188, 189, 190, 191, 192
01513, 70, 71, 87, 88, 89, 90, 91, 92, 107, 108, 109, 110, 111, 112, 113, 126, 127, 128, 129, 130, 131, 132, 133, 146, 147, 148, 149, 150, 151, 152, 153, 166, 167, 168, 169, 170, 171, 172, 173, 187, 188, 189, 190, 191, 192
01514, 70, 71, 87, 88, 89, 90, 91, 92, 107, 108, 109, 110, 111, 112, 113, 126, 127, 128, 129, 130, 131, 132, 133, 146, 147, 148, 149, 150, 151, 152, 153, 166, 167, 168, 169, 170, 171, 172, 173, 187, 188, 189, 190, 191, 192
01515, 70, 71, 87, 88, 89, 90, 91, 92, 107, 108, 109, 110, 111, 112, 113, 126, 127, 128, 129, 130, 131, 132, 133, 146, 147, 148, 149, 150, 151, 152, 153, 166, 167, 168, 169, 170, 171, 172, 173, 187, 188, 189, 190, 191, 192
01516, 70, 71, 87, 88, 89, 90, 91, 92, 107, 108, 109, 110, 111, 112, 113, 126, 127, 128, 129, 130, 131, 132, 133, 146, 147, 148, 149, 150, 151, 152, 153, 166, 167, 168, 169, 170, 171, 172, 173, 187, 188, 189, 190, 191, 192
01517, 70, 71, 87, 88, 89, 90, 91, 92, 107, 108, 109, 110, 111, 112, 113, 126, 127, 128, 129, 130, 131, 132, 133, 146, 147, 148, 149, 150, 151, 152, 153, 166, 167, 168, 169, 170, 171, 172, 173, 187, 188, 189, 190, 191, 192
01518, 70, 71, 87, 88, 89, 90, 91, 92, 107, 108, 109, 110, 111, 112, 113, 126, 127, 128, 129, 130, 131, 132, 133, 146, 147, 148, 149, 150, 151, 152, 153, 166, 167, 168, 169, 170, 171, 172, 173, 187, 188, 189, 190, 191, 192
01519, 70, 87, 88, 89, 90, 91, 92, 107, 108, 109, 110, 111, 112, 113, 126, 127, 128, 129, 130, 131, 132, 133, 146, 147, 148, 149, 150, 151, 152, 153, 166, 167, 168, 169, 170, 171, 172, 173, 187, 188, 189, 190, 191, 192
01520, 70, 87, 88, 89, 90, 91, 92, 107, 108, 109, 110, 111, 112, 113, 126, 127, 128, 129, 130, 131, 132, 133, 146, 147, 148, 149, 150, 151, 152, 153, 166, 167, 168, 169, 170, 171, 172, 173, 187, 188, 189, 190, 191, 192
01521, 70, 87, 88, 89, 90, 91, 92, 107, 108, 109, 110, 111, 112, 126, 127, 128, 129, 130, 131, 132, 133, 146, 147, 148, 149, 150, 151, 152, 153, 166, 167, 168, 169, 170, 171, 172, 173, 187, 188, 189, 190, 191, 192
01522, 70, 87, 88, 89, 90, 91, 92, 107, 108, 109, 110, 111, 112, 126, 127, 128, 129, 130, 131, 132, 133, 146, 147, 148, 149, 150, 151, 152, 153, 166, 167, 168, 169, 170, 171, 172, 173, 187, 188, 189, 190, 191, 192
01523, 70, 87, 88, 89, 90, 91, 92, 107, 108, 109, 110, 111, 112, 126, 127, 128, 129, 130, 131, 132, 133, 146, 147, 148, 149, 150, 151, 152, 153, 166, 167, 168, 169, 170, 171, 172, 173, 187, 188, 189, 190, 191, 192
01524, 70, 87, 88, 89, 90, 91, 92, 107, 108, 109, 110, 111, 112, 126, 127, 128, 129, 130, 131, 132, 133, 146, 147, 148, 149, 150, 151, 152, 153, 166, 167, 168, 169, 170, 171, 172, 173, 187, 188, 189, 190, 191, 192
01525, 70, 87, 88, 89, 90, 91, 92, 107, 108, 109, 110, 111, 112, 126, 127, 128, 129, 130, 131, 132, 133, 146, 147, 148, 149, 150, 151, 152, 153, 166, 167, 168, 169, 170, 171, 172, 173, 187, 188, 189, 190, 191, 192
01526, 70, 87, 88, 89, 90, 91, 92, 107, 108, 109, 110, 111, 112, 126, 127, 128, 129, 130, 131, 132, 133, 146, 147, 148, 149, 150, 151, 152, 153, 166, 167, 168, 169, 170, 171, 172, 173, 187, 188, 189, 190, 191, 192
01527, 70, 87, 88, 89, 90, 91, 92, 107, 108, 109, 110, 111, 112, 126, 127, 128, 129, 130, 131, 132, 133, 146, 147, 148, 149, 150, 151, 152, 153, 166, 167, 168, 169, 170, 171, 172, 173, 187, 188, 189, 190, 191, 192
01528, 70, 87, 88, 89, 90, 91, 92, 107, 108, 109, 110, 111, 112, 126, 127, 128, 129, 130, 131, 132, 133, 146, 147, 148, 149, 150, 151, 152, 153, 166, 167, 168, 169, 170, 171, 172, 173, 187, 188, 189, 190, 191, 192
01529, 69, 70, 87, 88, 89, 90, 91, 92, 107, 108, 109, 110, 111, 112, 126, 127, 128, 129, 130, 131, 132, 133, 146, 147, 148, 149, 150, 151, 152, 153, 166, 167, 168, 169, 170, 171, 172, 173, 187, 188, 189, 190, 191, 192
01530, 69, 70, 87, 88, 89, 90, 91, 92, 107, 108, 109, 110, 111, 112, 126, 127, 128, 129, 130, 131, 132, 133, 146, 147, 148, 149, 150, 151, 152, 153, 166, 167, 168, 169, 170, 171, 172, 173, 187, 188, 189, 190, 191, 192
01531, 69, 70, 71, 87, 88, 89, 90, 91, 92, 107, 108, 109, 110, 111, 112, 126, 127, 128, 129, 130, 131, 132, 133, 146, 147, 148, 149, 150, 151, 152, 153, 166, 167, 168, 169, 170, 171, 172, 173, 187, 188, 189, 190, 191, 192
01532, 69, 70, 71, 87, 88, 89, 90, 91, 92, 107, 108, 109, 110, 111, 112, 126, 127, 128, 129, 130, 131, 132, 133, 146, 147, 148, 149, 150, 151, 152, 153, 166, 167, 168, 169, 170, 171, 172, 173, 187, 188, 189, 190, 191, 192
01533, 69, 70, 71, 87, 88, 89, 90, 91, 92, 107, 108, 109, 110, 111, 112, 126, 127, 128, 129, 130, 131, 132, 133, 146, 147, 148, 149, 150, 151, 152, 153, 166, 167, 168, 169, 170, 171, 172, 173, 187, 188, 189, 190, 191, 192
01534, 69, 70, 71, 87, 88, 89, 90, 91, 92, 107, 108, 109, 110, 111, 112, 126, 127, 128, 129, 130, 131, 132, 133, 146, 147, 148, 149, 150, 151, 152, 153, 166, 167, 168, 169, 170, 171, 172, 173, 187, 188, 189, 190, 191, 192
01535, 69, 70, 71, 87, 88, 89, 90, 91, 92, 107, 108, 109, 110, 111, 112, 126, 127, 128, 129, 130, 131, 132, 133, 146, 147, 148, 149, 150, 151, 152, 153, 166, 167, 168, 169, 170, 171, 172, 173, 187, 188, 189, 190, 191, 192
01536, 69, 70, 71, 87, 88, 89, 90, 91, 92, 107, 108, 109, 110, 111, 112, 126, 127, 128, 129, 130, 131, 132, 133, 146, 147, 148, 149, 150, 151, 152, 153, 166, 167, 168, 169, 170, 171, 172, 173, 187, 188, 189, 190, 191, 192
01537, 69, 70, 71, 87, 88, 89, 90, 91, 92, 107, 108, 109, 110, 111, 112, 126, 127, 128, 129, 130, 131, 132, 133, 146, 147, 148, 149, 150, 151, 152, 153, 166, 167, 168, 169, 170, 171, 172, 187, 188, 189, 190, 191, 192
01538, 69, 70, 71, 87, 88, 89, 90, 91, 92, 107, 108, 109, 110, 111, 112, 126, 127, 128, 129, 130, 131, 132, 133, 146, 147, 148, 149, 150, 151, 152, 153, 166, 167, 168, 169, 170, 171, 172, 187, 188, 189, 190, 191, 192
01539, 69, 70, 71, 87, 88, 89, 90, 91, 92, 106, 107, 108, 109, 110, 111, 112, 126, 127, 128, 129, 130, 131, 132, 133, 146, 147, 148, 149, 150, 151, 152, 153, 167, 168, 169, 170, 171, 172, 187, 188, 189, 190, 191, 192
01540, 69, 70, 71, 87, 88, 89, 90, 91, 92, 106, 107, 108, 109, 110, 111, 112, 126, 127, 128, 129, 130, 131, 132, 133, 146, 147, 148, 149, 150, 151, 152, 153, 167, 168, 169, 170, 171, 172, 187, 188, 189, 190, 191, 192
01541, 69, 70, 71, 87, 88, 89, 90, 91, 92, 106, 107, 108, 109, 110, 111, 112, 126, 127, 128, 129, 130, 131, 132, 133, 146, 147, 148, 149, 150, 151, 152, 153, 167, 168, 169, 170, 171, 172, 187, 188, 189, 190, 191, 192
01542, 69, 70, 71, 87, 88, 89, 90, 91, 92, 106, 107, 108, 109, 110, 111, 112, 126, 127, 128, 129, 130, 131, 132, 133, 146, 147, 148, 149, 150, 151, 152, 153, 167, 168, 169, 170, 171, 172, 187, 188, 189, 190, 191, 192
01543, 69, 70, 71, 87, 88, 89, 90, 91, 92, 107, 108, 109, 110, 111, 112, 126, 127, 128, 129, 130, 131, 132, 133, 146, 147, 148, 149, 150, 151, 152, 153, 167, 168, 169, 170, 171, 172, 187, 188, 189, 190, 191, 192
01544, 69, 70, 71, 87, 88, 89, 90, 91, 92, 107, 108, 109, 110, 111, 112, 126, 127, 128, 129, 130, 131, 132, 133, 146, 147, 148, 149, 150, 151, 152, 153, 167, 168, 169, 170, 171, 172, 187, 188, 189, 190, 191, 192
01545, 69, 70, 71, 87, 88, 89, 90, 91, 92, 107, 108, 109, 110, 111, 112, 126, 127, 128, 129, 130, 131, 132, 133, 146, 147, 148, 149, 150, 151, 152, 153, 167, 168, 169, 170, 171, 172, 187, 188, 189, 190, 191, 192
01546, 69, 70, 71, 87, 88, 89, 90, 91, 92, 107, 108, 109, 110, 111, 112, 126, 127, 128, 129, 130, 131, 132, 133, 146, 147, 148, 149, 150, 151, 152, 153, 167, 168, 169, 170, 171, 172, 187, 188, 189, 190, 191, 192
01547, 69, 70, 71, 87, 88, 89, 90, 91, 92, 107, 108, 109, 110, 111, 112, 113, 126, 127, 128, 129, 130, 131, 132, 133, 146, 147, 148, 149, 150, 151, 152, 153, 167, 168, 169, 170, 171, 172, 188, 189, 190, 191, 192
01548, 69, 70, 71, 87, 88, 89, 90, 91, 92, 107, 108, 109, 110, 111, 112, 113, 126, 127, 128, 129, 130, 131, 132, 133, 146, 147, 148, 149, 150, 151, 152, 153, 167, 168, 169, 170, 171, 172, 188, 189, 190, 191, 192
01549, 69, 70, 71, 87, 88, 89, 90, 91, 92, 107, 108, 109, 110, 111, 112, 113, 126, 127, 128, 129, 130, 131, 132, 133, 146, 147, 148, 149, 150, 151, 152, 153, 167, 168, 169, 170, 171, 172, 188, 189, 190, 191
01550, 69, 70, 71, 87, 88, 89, 90, 91, 92, 107, 108, 109, 110, 111, 112, 113, 126, 127, 128, 129, 130, 131, 132, 133, 146, 147, 148, 149, 150, 151, 152, 153, 167, 168, 169, 170, 171, 172, 188, 189, 190, 191
01551, 69, 70, 71, 87, 88, 89, 90, 91, 92, 107, 108, 109, 110, 111, 112, 113, 126, 127, 128, 129, 130, 131, 132, 133, 146, 147, 148, 149, 150, 151, 152, 153, 167, 168, 169, 170, 171, 172, 188, 189, 190, 191
01552, 69, 70, 71, 87, 88, 89, 90, 91, 92, 107, 108, 109, 110, 111, 112, 113, 126, 127, 128, 129, 130, 131, 132, 133, 146, 147, 148, 149, 150, 151, 152, 153, 167, 168, 169, 170, 171, 172, 188, 189, 190, 191
01553, 69, 70, 71, 87, 88, 89, 90, 91, 92, 107, 108, 109, 110, 111, 112, 113, 126, 127, 128, 129, 130, 131, 132, 133, 146, 147, 148, 149, 150, 151, 152, 153, 167, 168, 169, 170, 171, 172, 188, 189, 190, 191
01554, 69, 70, 71, 87, 88, 89, 90, 91, 92, 107, 108, 109, 110, 111, 112, 113, 126, 127, 128, 129, 130, 131, 132, 133, 146, 147, 148, 149, 150, 151, 152, 153, 167, 168, 169, 170, 171, 172, 188, 189, 190, 191
01555, 69, 70, 71, 87, 88, 89, 90, 91, 92, 107, 108, 109, 110, 111, 112, 113, 126, 127, 128, 129, 130, 131, 132, 133, 146, 147, 148, 149, 150, 151, 152, 153, 167, 168, 169, 170, 171, 172, 188, 189, 190, 191
01556, 69, 70, 71, 87, 88, 89, 90, 91, 92, 107, 108, 109, 110, 111, 112, 113, 126, 127, 128, 129, 130, 131, 132, 133, 146, 147, 148, 149, 150, 151, 152, 153, 167, 168, 169, 170, 171, 172, 188, 189, 190, 191
01557, 69, 70, 71, 87, 88, 89, 90, 91, 92, 107, 108, 109, 110, 111, 112, 113, 126, 127, 128, 129, 130, 131, 132, 133, 146, 147, 148, 149, 150, 151, 152, 153, 167, 168, 169, 170, 171, 172, 187, 188, 189, 190, 191, 192
01558, 69, 70, 71, 87, 88, 89, 90, 91, 92, 107, 108, 109, 110, 111, 112, 113, 126, 127, 128, 129, 130, 131, 132, 133, 146, 147, 148, 149, 150, 151, 152, 153, 167, 168, 169, 170, 171, 172, 187, 188, 189, 190, 191, 192
01559, 69, 70, 71, 87, 88, 89, 90, 91, 92, 107, 108, 109, 110, 111, 112, 126, 127, 128, 129, 130, 131, 132, 133, 146, 147, 148, 149, 150, 151, 152, 153, 167, 168, 169, 170, 171, 172, 187, 188, 189, 190, 191, 192
01560, 69, 70, 71, 87, 88, 89, 90, 91, 92, 107, 108, 109, 110, 111, 112, 126, 127, 128, 129, 130, 131, 132, 133, 146, 147, 148, 149, 150, 151, 152, 153, 167, 168, 169, 170, 171, 172, 187, 188, 189, 190, 191, 192
01561, 69, 70, 71, 87, 88, 89, 90, 91, 92, 107, 108, 109, 110, 111, 112, 126, 127, 128, 129, 130, 131, 132, 133, 146, 147, 148, 149, 150, 151, 152, 153, 167, 168, 169, 170, 171, 172, 187, 188, 189, 190, 191, 192
01562, 69, 70, 71, 87, 88, 89, 90, 91, 92, 107, 108, 109, 110, 111, 112, 126, 127, 128, 129, 130, 131, 132, 133, 146, 147, 148, 149, 150, 151, 152, 153, 167, 168, 169, 170, 171, 172, 187, 188, 189, 190, 191, 192
01563, 69, 70, 71, 87, 88, 89, 90, 91, 92, 107, 108, 109, 110, 111, 112, 126, 127, 128, 129, 130, 131, 132, 133, 146, 147, 148, 149, 150, 151, 152, 153, 166, 167, 168, 169, 170, 171, 172, 173, 187, 188, 189, 190, 191, 192
01564, 69, 70, 71, 87, 88, 89, 90, 91, 92, 107, 108, 109, 110, 111, 112, 126, 127, 128, 129, 130, 131, 132, 133, 146, 147, 148, 149, 150, 151, 152, 153, 166, 167, 168, 169, 170, 171, 172, 173, 187, 188, 189, 190, 191, 192
01565, 69, 70, 71, 87, 88, 89, 90, 91, 92, 106, 107, 108, 109, 110, 111, 112, 126, 127, 128, 129, 130, 131, 132, 133, 146, 147, 148, 149, 150, 151, 152, 153, 166, 167, 168, 169, 170, 171, 172, 173, 187, 188, 189, 190, 191, 192
01566, 69, 70, 71, 87, 88, 89, 90, 91, 92, 106, 107, 108, 109, 110, 111, 112, 126, 127, 128, 129, 130, 131, 132, 133, 146, 147, 148, 149, 150, 151, 152, 153, 166, 167, 168, 169, 170, 171, 172, 173, 187, 188, 189, 190, 191, 192
01567, 69, 70, 71, 87, 88, 89, 90, 91, 92, 106, 107, 108, 109, 110, 111, 112, 126, 127, 128, 129, 130, 131, 132, 133, 146, 147, 148, 149, 150, 151, 152, 153, 166, 167, 168, 169, 170, 171, 172, 173, 187, 188, 189, 190, 191, 192
01568, 69, 70, 71, 87, 88, 89, 90, 91, 92, 106, 107, 108, 109, 110, 111, 112, 126, 127, 128, 129, 130, 131, 132, 133, 146, 147, 148, 149, 150, 151, 152, 153, 166, 167, 168, 169, 170, 171, 172, 173, 187, 188, 189, 190, 191, 192
01569, 69, 70, 87, 88, 89, 90, 91, 92, 106, 107, 108, 109, 110, 111, 112, 126, 127, 128, 129, 130, 131, 132, 133, 146, 147, 148, 149, 150, 151, 152, 153, 166, 167, 168, 169, 170, 171, 172, 173, 187, 188, 189, 190, 191, 192
01570, 69, 70, 87, 88, 89, 90, 91, 92, 106, 107, 108, 109, 110, 111, 112, 126, 127, 128, 129, 130, 131, 132, 133, 146, 147, 148, 149, 150, 151, 152, 153, 166, 167, 168, 169, 170, 171, 172, 173, 187, 188, 189, 190, 191, 192
01571, 69, 70, 87, 88, 89, 90, 91, 92, 106, 107, 108, 109, 110, 111, 112, 126, 127, 128, 129, 130, 131, 132, 133, 146, 147, 148, 149, 150, 151, 152, 153, 166, 167, 168, 169, 170, 171, 172, 173, 187, 188, 189, 190, 191, 192
01572, 69, 70, 87, 88, 89, 90, 91, 92, 106, 107, 108, 109, 110, 111, 112, 126, 127, 128, 129, 130, 131, 132, 133, 146, 147, 148, 149, 150, 151, 152, 153, 166, 167, 168, 169, 170, 171, 172, 173, 187, 188, 189, 190, 191, 192
01573, 69, 70, 87, 88, 89, 90, 91, 92, 106, 107, 108, 109, 110, 111, 112, 126, 127, 128, 129, 130, 131, 132, 133, 146, 147, 148, 149, 150, 151, 152, 153, 166, 167, 168, 169, 170, 171, 172, 173, 186, 187, 188, 189, 190, 191, 192
01574, 69, 70, 87, 88, 89, 90, 91, 92, 106, 107, 108, 109, 110, 111, 112, 126, 127, 128, 129, 130, 131, 132, 133, 146, 147, 148, 149, 150, 151, 152, 153, 166, 167, 168, 169, 170, 171, 172, 173, 186, 187, 188, 189, 190, 191, 192
01575, 70, 87, 88, 89, 90, 91, 92, 106, 107, 108, 109, 110, 111, 112, 126, 127, 128, 129, 130, 131, 132, 133, 146, 147, 148, 149, 150, 151, 152, 153, 166, 167, 168, 169, 170, 171, 172, 173, 186, 187, 188, 189, 190, 191, 192
01576, 70, 87, 88, 89, 90, 91, 92, 106, 107, 108, 109, 110, 111, 112, 126, 127, 128, 129, 130, 131, 132, 133, 146, 147, 148, 149, 150, 151, 152, 153, 166, 167, 168, 169, 170, 171, 172, 173, 186, 187, 188, 189, 190, 191, 192
01577, 70, 87, 88, 89, 90, 91, 106, 107, 108, 109, 110, 111, 112, 126, 127, 128, 129, 130, 131, 132, 133, 146, 147, 148, 149, 150, 151, 152, 153, 166, 167, 168, 169, 170, 171, 172, 173, 186, 187, 188, 189, 190, 191, 192
01578, 70, 87, 88, 89, 90, 91, 106, 107, 108, 109, 110, 111, 112, 126, 127, 128, 129, 130, 131, 132, 133, 146, 147, 148, 149, 150, 151, 152, 153, 166, 167, 168, 169, 170, 171, 172, 173, 186, 187, 188, 189, 190, 191, 192
01579, 70, 87, 88, 89, 90, 91, 106, 107, 108, 109, 110, 111, 112, 126, 127, 128, 129, 130, 131, 132, 133, 146, 147, 148, 149, 150, 151, 152, 153, 166, 167, 168, 169, 170, 171, 172, 173, 186, 187, 188, 189, 190, 191, 192, 193
01580, 70, 87, 88, 89, 90, 91, 106, 107, 108, 109, 110, 111, 112, 126, 127, 128, 129, 130, 131, 132, 133, 146, 147, 148, 149, 150, 151, 152, 153, 166, 167, 168, 169, 170, 171, 172, 173, 186, 187, 188, 189, 190, 191, 192, 193
01581, 70, 87, 88, 89, 90, 91, 106, 107, 108, 109, 110, 111, 112, 126, 127, 128, 129, 130, 131, 132, 133, 146, 147, 148, 149, 150, 151, 152, 153, 166, 167, 168, 169, 170, 171, 172, 173, 186, 187, 188, 189, 190, 191, 192, 193
01582, 70, 87, 88, 89, 90, 91, 106, 107, 108, 109, 110, 111, 112, 126, 127, 128, 129, 130, 131, 132, 133, 146, 147, 148, 149, 150, 151, 152, 153, 166, 167, 168, 169, 170, 171, 172, 173, 186, 187, 188, 189, 190, 191, 192, 193
01583, 87, 88, 89, 90, 91, 106, 107, 108, 109, 110, 111, 112, 126, 127, 128, 129, 130, 131, 132, 133, 146, 147, 148, 149, 150, 151, 152, 153, 165, 166, 167, 168, 169, 170, 171, 172, 173, 185, 186, 187, 188, 189, 190, 191, 192, 193
01584, 87, 88, 89, 90, 91, 106, 107, 108, 109, 110, 111, 112, 126, 127, 128, 129, 130, 131, 132, 133, 146, 147, 148, 149, 150, 151, 152, 153, 165, 166, 167, 168, 169, 170, 171, 172, 173, 185, 186, 187, 188, 189, 190, 191, 192, 193
01585, 88, 89, 90, 91, 106, 107, 108, 109, 110, 111, 112, 126, 127, 128, 129, 130, 131, 132, 133, 145, 146, 147, 148, 149, 150, 151, 152, 153, 165, 166, 167, 168, 169, 170, 171, 172, 173, 185, 186, 187, 188, 189, 190, 191, 192, 193
01586, 88, 89, 90, 91, 106, 107, 108, 109, 110, 111, 112, 126, 127, 128, 129, 130, 131, 132, 133, 145, 146, 147, 148, 149, 150, 151, 152, 153, 165, 166, 167, 168, 169, 170, 171, 172, 173, 185, 186, 187, 188, 189, 190, 191, 192, 193
01587, 88, 89, 90, 91, 106, 107, 108, 109, 110, 111, 112, 126, 127, 128, 129, 130, 131, 132, 145, 146, 147, 148, 149, 150, 151, 152, 153, 165, 166, 167, 168, 169, 170, 171, 172, 173, 184, 185, 186, 187, 188, 189, 190, 191, 192, 193, 194
01588, 88, 89, 90, 91, 106, 107, 108, 109, 110, 111, 112, 126, 127, 128, 129, 130, 131, 132, 145, 146, 147, 148, 149, 150, 151, 152, 153, 165, 166, 167, 168, 169, 170, 171, 172, 173, 184, 185, 186, 187, 188, 189, 190, 191, 192, 193, 194
01589, 88, 89, 90, 91, 106, 107, 108, 109, 110, 111, 112, 125, 126, 127, 128, 129, 130, 131, 132, 145, 146, 147, 148, 149, 150, 151, 152, 153, 165, 166, 167, 168, 169, 170, 171, 172, 173, 181, 182, 183, 184, 185, 186, 187, 188, 189, 190, 191, 192, 193, 194, 195, 196, 197, 198, 199, 200
01590, 88, 89, 90, 91, 106, 107, 108, 109, 110, 111, 112, 125, 126, 127, 128, 129, 130, 131, 132, 145, 146, 147, 148, 149, 150, 151, 152, 153, 165, 166, 167, 168, 169, 170, 171, 172, 173, 181, 182, 183, 184, 185, 186, 187, 188, 189, 190, 191, 192, 193, 194, 195, 196, 197, 198, 199, 200
01591, 88, 89, 90, 91, 106, 107, 108, 109, 110, 111, 112, 125, 126, 127, 128, 129, 130, 131, 132, 145, 146, 147, 148, 149, 150, 151, 152, 153, 164, 165, 166, 167, 168, 169, 170, 171, 172, 173, 181, 182, 183, 184, 185, 186, 187, 188, 189, 190, 191, 192, 193, 194, 195, 196, 197, 198, 199, 200
01592, 88, 89, 90, 91, 106, 107, 108, 109, 110, 111, 112, 125, 126, 127, 128, 129, 130, 131, 132, 145, 146, 147, 148, 149, 150, 151, 152, 153, 164, 165, 166, 167, 168, 169, 170, 171, 172, 173, 181, 182, 183, 184, 185, 186, 187, 188, 189, 190, 191, 192, 193, 194, 195, 196, 197, 198, 199, 200
01593, 88, 89, 90, 106, 107, 108, 109, 110, 111, 112, 125, 126, 127, 128, 129, 130, 131, 132, 145, 146, 147, 148, 149, 150, 151, 152, 153, 164, 165, 166, 167, 168, 169, 170, 171, 172, 173, 181, 182, 183, 184, 185, 186, 187, 188, 189, 190, 191, 192, 193, 194, 195, 196, 197, 198, 199, 200
01594, 88, 89, 90, 106, 107, 108, 109, 110, 111, 112, 125, 126, 127, 128, 129, 130, 131, 132, 145, 146, 147, 148, 149, 150, 151, 152, 153, 164, 165, 166, 167, 168, 169, 170, 171, 172, 173, 181, 182, 183, 184, 185, 186, 187, 188, 189, 190, 191, 192, 193, 194, 195, 196, 197, 198, 199, 200
01595, 88, 89, 90, 106, 107, 108, 109, 110, 111, 112, 125, 126, 127, 128, 129, 130, 131, 132, 145, 146, 147, 148, 149, 150, 151, 152, 153, 164, 165, 166, 167, 168, 169, 170, 171, 172, 173, 174, 181, 182, 183, 184, 185, 186, 187, 188, 189, 190, 191, 192, 193, 194, 195, 196, 197, 198, 199, 200
01596, 88, 89, 90, 106, 107, 108, 109, 110, 111, 112, 125, 126, 127, 128, 129, 130, 131, 132, 145, 146, 147, 148, 149, 150, 151, 152, 153, 164, 165, 166, 167, 168, 169, 170, 171, 172, 173, 174, 181, 182, 183, 184, 185, 186, 187, 188, 189, 190, 191, 192, 193, 194, 195, 196, 197, 198, 199, 200
01597, 88, 89, 90, 106, 107, 108, 109, 110, 111, 112, 125, 126, 127, 128, 129, 130, 131, 132, 145, 146, 147, 148, 149, 150, 151, 152, 153, 164, 165, 166, 167, 168, 169, 170, 171, 172, 173, 174, 181, 182, 183, 184, 185, 186, 187, 188, 189, 190, 191, 192, 193, 194, 195, 196, 197, 198, 199, 200
01598, 88, 89, 90, 106, 107, 108, 109, 110, 111, 112, 125, 126, 127, 128, 129, 130, 131, 132, 145, 146, 147, 148, 149, 150, 151, 152, 153, 164, 165, 166, 167, 168, 169, 170, 171, 172, 173, 174, 181, 182, 183, 184, 185, 186, 187, 188, 189, 190, 191, 192, 193, 194, 195, 196, 197, 198, 199, 200
01599, 88, 89, 90, 106, 107, 108, 109, 110, 111, 112, 125, 126, 127, 128, 129, 130, 131, 132, 145, 146, 147, 148, 149, 150, 151, 152, 153, 164, 165, 166, 167, 168, 169, 170, 171, 172, 173, 174, 181, 182, 183, 184, 185, 186, 187, 188, 189, 190, 191, 192, 193, 194, 195, 196, 197, 198, 199, 200
01600, 88, 89, 90, 106, 107, 108, 109, 110, 111, 112, 125, 126, 127, 128, 129, 130, 131, 132, 145, 146, 147, 148, 149, 150, 151, 152, 153, 164, 165, 166, 167, 168, 169, 170, 171, 172, 173, 174, 181, 182, 183, 184, 185, 186, 187, 188, 189, 190, 191, 192, 193, 194, 195, 196, 197, 198, 199, 200
01601, 88, 89, 90, 106, 107, 108, 109, 110, 111, 125, 126, 127, 128, 129, 130, 131, 132, 145, 146, 147, 148, 149, 150, 151, 152, 153, 164, 165, 166, 167, 168, 169, 170, 171, 172, 173, 174, 181, 182, 183, 184, 185, 186, 187, 188, 189, 190, 191, 192, 193, 194, 195, 196, 197, 198, 199, 200
01602, 88, 89, 90, 106, 107, 108, 109, 110, 111, 125, 126, 127, 128, 129, 130, 131, 132, 145, 146, 147, 148, 149, 150, 151, 152, 153, 164, 165, 166, 167, 168, 169, 170, 171, 172, 173, 174, 181, 182, 183, 184, 185, 186, 187, 188, 189, 190, 191, 192, 193, 194, 195, 196, 197, 198, 199, 200
01603, 88, 89, 90, 106, 107, 108, 109, 110, 111, 125, 126, 127, 128, 129, 130, 131, 132, 144, 145, 146, 147, 148, 149, 150, 151, 152, 153, 163, 164, 165, 166, 167, 168, 169, 170, 171, 172, 173, 174, 181, 182, 183, 184, 185, 186, 187, 188, 189, 190, 191, 192, 193, 194, 195, 196, 197, 198, 199, 200
01604, 88, 89, 90, 106, 107, 108, 109, 110, 111, 125, 126, 127, 128, 129, 130, 131, 132, 144, 145, 146, 147, 148, 149, 150, 151, 152, 153, 163, 164, 165, 166, 167, 168, 169, 170, 171, 172, 173, 174, 181, 182, 183, 184, 185, 186, 187, 188, 189, 190, 191, 192, 193, 194, 195, 196, 197, 198, 199, 200
01605, 88, 89, 90, 106, 107, 108, 109, 110, 111, 125, 126, 127, 128, 129, 130, 131, 132, 144, 145, 146, 147, 148, 149, 150, 151, 152, 153, 163, 164, 165, 166, 167, 168, 169, 170, 171, 172, 173, 174, 181, 182, 183, 184, 185, 186, 187, 188, 189, 190, 191, 192, 193, 194, 195, 196, 197, 198, 199, 200
01606, 88, 89, 90, 106, 107, 108, 109, 110, 111, 125, 126, 127, 128, 129, 130, 131, 132, 144, 145, 146, 147, 148, 149, 150, 151, 152, 153, 163, 164, 165, 166, 167, 168, 169, 170, 171, 172, 173, 174, 181, 182, 183, 184, 185, 186, 187, 188, 189, 190, 191, 192, 193, 194, 195, 196, 197, 198, 199, 200
01607, 88, 89, 90, 106, 107, 108, 109, 110, 111, 125, 126, 127, 128, 129, 130, 131, 132, 144, 145, 146, 147, 148, 149, 150, 151, 152, 153, 163, 164, 165, 166, 167, 168, 169, 170, 171, 172, 173, 174, 181, 182, 183, 184, 185, 186, 187, 188, 189, 190, 191, 192, 193, 194, 195, 196, 197, 198, 199, 200
01608, 88, 89, 90, 106, 107, 108, 109, 110, 111, 125, 126, 127, 128, 129, 130, 131, 132, 144, 145, 146, 147, 148, 149, 150, 151, 152, 153, 163, 164, 165, 166, 167, 168, 169, 170, 171, 172, 173, 174, 181, 182, 183, 184, 185, 186, 187, 188, 189, 190, 191, 192, 193, 194, 195, 196, 197, 198, 199, 200
01609, 88, 89, 90, 106, 107, 108, 109, 110, 111, 125, 126, 127, 128, 129, 130, 131, 132, 144, 145, 146, 147, 148, 149, 150, 151, 152, 153, 163, 164, 165, 166, 167, 168, 169, 170, 171, 172, 173, 174, 181, 182, 183, 184, 185, 186, 187, 188, 189, 190, 191, 192, 193, 194, 195, 196, 197, 198, 199, 200
01610, 88, 89, 90, 106, 107, 108, 109, 110, 111, 125, 126, 127, 128, 129, 130, 131, 132, 144, 145, 146, 147, 148, 149, 150, 151, 152, 153, 163, 164, 165, 166, 167, 168, 169, 170, 171, 172, 173, 174, 181, 182, 183, 184, 185, 186, 187, 188, 189, 190, 191, 192, 193, 194, 195, 196, 197, 198, 199, 200
01611, 88, 89, 90, 105, 106, 107, 108, 109, 110, 111, 125, 126, 127, 128, 129, 130, 131, 132, 144, 145, 146, 147, 148, 149, 150, 151, 152, 163, 164, 165, 166, 167, 168, 169, 170, 171, 172, 173, 181, 182, 183, 184, 185, 186, 187, 188, 189, 190, 191, 192, 193, 194, 195, 196, 197, 198, 199, 200
01612, 88, 89, 90, 105, 106, 107, 108, 109, 110, 111, 125, 126, 127, 128, 129, 130, 131, 132, 144, 145, 146, 147, 148, 149, 150, 151, 152, 163, 164, 165, 166, 167, 168, 169, 170, 171, 172, 173, 181, 182, 183, 184, 185, 186, 187, 188, 189, 190, 191, 192, 193, 194, 195, 196, 197, 198, 199, 200
01613, 88, 89, 90, 105, 106, 107, 108, 109, 110, 111, 125, 126, 127, 128, 129, 130, 131, 132, 144, 145, 146, 147, 148, 149, 150, 151, 152, 163, 164, 165, 166, 167, 168, 169, 170, 171, 172, 173, 181, 182, 183, 184, 185, 186, 187, 188, 189, 190, 191, 192, 193, 194, 195, 196, 197, 198, 199, 200
01614, 88, 89, 90, 105, 106, 107, 108, 109, 110, 111, 125, 126, 127, 128, 129, 130, 131, 132, 144, 145, 146, 147, 148, 149, 150, 151, 152, 163, 164, 165, 166, 167, 168, 169, 170, 171, 172, 173, 181, 182, 183, 184, 185, 186, 187, 188, 189, 190, 191, 192, 193, 194, 195, 196, 197, 198, 199, 200
01615, 88, 89, 90, 105, 106, 107, 108, 109, 110, 111, 124, 125, 126, 127, 128, 129, 130, 131, 132, 144, 145, 146, 147, 148, 149, 150, 151, 152, 163, 164, 165, 166, 167, 168, 169, 170, 171, 172, 173, 181, 182, 183, 184, 185, 186, 187, 188, 189, 190, 191, 192, 193, 194, 195, 196, 197, 198, 199, 200
01616, 88, 89, 90, 105, 106, 107, 108, 109, 110, 111, 124, 125, 126, 127, 128, 129, 130, 131, 132, 144, 145, 146, 147, 148, 149, 150, 151, 152, 163, 164, 165, 166, 167, 168, 169, 170, 171, 172, 173, 181, 182, 183, 184, 185, 186, 187, 188, 189, 190, 191, 192, 193, 194, 195, 196, 197, 198, 199, 200
01617, 87, 88, 89, 90, 105, 106, 107, 108, 109, 110, 111, 124, 125, 126, 127, 128, 129, 130, 131, 132, 144, 145, 146, 147, 148, 149, 150, 151, 152, 163, 164, 165, 166, 167, 168, 169, 170, 171, 172, 173, 181, 182, 183, 184, 185, 186, 187, 188, 189, 190, 191, 192, 193, 194, 195, 196, 197, 198, 199, 200
01618, 87, 88, 89, 90, 105, 106, 107, 108, 109, 110, 111, 124, 125, 126, 127, 128, 129, 130, 131, 132, 144, 145, 146, 147, 148, 149, 150, 151, 152, 163, 164, 165, 166, 167, 168, 169, 170, 171, 172, 173, 181, 182, 183, 184, 185, 186, 187, 188, 189, 190, 191, 192, 193, 194, 195, 196, 197, 198, 199, 200
01619, 87, 88, 89, 90, 105, 106, 107, 108, 109, 110, 111, 124, 125, 126, 127, 128, 129, 130, 131, 144, 145, 146, 147, 148, 149, 150, 151, 152, 163, 164, 165, 166, 167, 168, 169, 170, 171, 172, 173, 181, 182, 183, 184, 185, 186, 187, 188, 189, 190, 191, 192, 193, 194, 195, 196, 197, 198, 199, 200
01620, 87, 88, 89, 90, 105, 106, 107, 108, 109, 110, 111, 124, 125, 126, 127, 128, 129, 130, 131, 144, 145, 146, 147, 148, 149, 150, 151, 152, 163, 164, 165, 166, 167, 168, 169, 170, 171, 172, 173, 181, 182, 183, 184, 185, 186, 187, 188, 189, 190, 191, 192, 193, 194, 195, 196, 197, 198, 199, 200
01621, 87, 88, 89, 90, 105, 106, 107, 108, 109, 110, 111, 124, 125, 126, 127, 128, 129, 130, 131, 144, 145, 146, 147, 148, 149, 150, 151, 152, 163, 164, 165, 166, 167, 168, 169, 170, 171, 172, 181, 182, 183, 184, 185, 186, 187, 188, 189, 190, 191, 192, 193, 194, 195, 196, 197, 198, 199, 200
01622, 87, 88, 89, 90, 105, 106, 107, 108, 109, 110, 111, 124, 125, 126, 127, 128, 129, 130, 131, 144, 145, 146, 147, 148, 149, 150, 151, 152, 163, 164, 165, 166, 167, 168, 169, 170, 171, 172, 181, 182, 183, 184, 185, 186, 187, 188, 189, 190, 191, 192, 193, 194, 195, 196, 197, 198, 199, 200
01623, 87, 88, 89, 90, 105, 106, 107, 108, 109, 110, 111, 124, 125, 126, 127, 128, 129, 130, 131, 144, 145, 146, 147, 148, 149, 150, 151, 152, 164, 165, 166, 167, 168, 169, 170, 171, 172, 181, 182, 183, 184, 185, 186, 187, 188, 189, 190, 191, 192, 193, 194, 195, 196, 197, 198, 199, 200
01624, 87, 88, 89, 90, 105, 106, 107, 108, 109, 110, 111, 124, 125, 126, 127, 128, 129, 130, 131, 144, 145, 146, 147, 148, 149, 150, 151, 152, 164, 165, 166, 167, 168, 169, 170, 171, 172, 181, 182, 183, 184, 185, 186, 187, 188, 189, 190, 191, 192, 193, 194, 195, 196, 197, 198, 199, 200
01625, 87, 88, 89, 90, 105, 106, 107, 108, 109, 110, 111, 124, 125, 126, 127, 128, 129, 130, 131, 144, 145, 146, 147, 148, 149, 150, 151, 152, 164, 165, 166, 167, 168, 169, 170, 171, 172, 184, 185, 186, 187, 188, 189, 190, 191, 192
01626, 87, 88, 89, 90, 105, 106, 107, 108, 109, 110, 111, 124, 125, 126, 127, 128, 129, 130, 131, 144, 145, 146, 147, 148, 149, 150, 151, 152, 164, 165, 166, 167, 168, 169, 170, 171, 172, 184, 185, 186, 187, 188, 189, 190, 191, 192
01627, 87, 88, 89, 90, 105, 106, 107, 108, 109, 110, 111, 124, 125, 126, 127, 128, 129, 130, 131, 144, 145, 146, 147, 148, 149, 150, 151, 164, 165, 166, 167, 168, 169, 170, 171, 172, 184, 185, 186, 187, 188, 189, 190, 191, 192
01628, 87, 88, 89, 90, 105, 106, 107, 108, 109, 110, 111, 124, 125, 126, 127, 128, 129, 130, 131, 144, 145, 146, 147, 148, 149, 150, 151, 164, 165, 166, 167, 168, 169, 170, 171, 172, 184, 185, 186, 187, 188, 189, 190, 191, 192
01629, 68, 86, 87, 88, 89, 90, 105, 106, 107, 108, 109, 110, 111, 124, 125, 126, 127, 128, 129, 130, 131, 144, 145, 146, 147, 148, 149, 150, 151, 164, 165, 166, 167, 168, 169, 170, 171, 184, 185, 186, 187, 188, 189, 190, 191
01630, 68, 86, 87, 88, 89, 90, 105, 106, 107, 108, 109, 110, 111, 124, 125, 126, 127, 128, 129, 130, 131, 144, 145, 146, 147, 148, 149, 150, 151, 164, 165, 166, 167, 168, 169, 170, 171, 184, 185, 186, 187, 188, 189, 190, 191
01631, 68, 69, 86, 87, 88, 89, 90, 105, 106, 107, 108, 109, 110, 111, 125, 126, 127, 128, 129, 130, 131, 144, 145, 146, 147, 148, 149, 150, 151, 164, 165, 166, 167, 168, 169, 170, 171, 185, 186, 187, 188, 189, 190, 191
01632, 68, 69, 86, 87, 88, 89, 90, 105, 106, 107, 108, 109, 110, 111, 125, 126, 127, 128, 129, 130, 131, 144, 145, 146, 147, 148, 149, 150, 151, 164, 165, 166, 167, 168, 169, 170, 171, 185, 186, 187, 188, 189, 190, 191
01633, 68, 69, 86, 87, 88, 89, 90, 105, 106, 107, 108, 109, 110, 111, 125, 126, 127, 128, 129, 130, 131, 145, 146, 147, 148, 149, 150, 151, 165, 166, 167, 168, 169, 170, 171, 185, 186, 187, 188, 189, 190, 191
01634, 68, 69, 86, 87, 88, 89, 90, 105, 106, 107, 108, 109, 110, 111, 125, 126, 127, 128, 129, 130, 131, 145, 146, 147, 148, 149, 150, 151, 165, 166, 167, 168, 169, 170, 171, 185, 186, 187, 188, 189, 190, 191
01635, 68, 69, 86, 87, 88, 89, 90, 105, 106, 107, 108, 109, 110, 111, 125, 126, 127, 128, 129, 130, 131, 145, 146, 147, 148, 149, 150, 151, 165, 166, 167, 168, 169, 170, 171, 185, 186, 187, 188, 189, 190
01636, 68, 69, 86, 87, 88, 89, 90, 105, 106, 107, 108, 109, 110, 111, 125, 126, 127, 128, 129, 130, 131, 145, 146, 147, 148, 149, 150, 151, 165, 166, 167, 168, 169, 170, 171, 185, 186, 187, 188, 189, 190
01637, 68, 69, 86, 87, 88, 89, 90, 105, 106, 107, 108, 109, 110, 111, 125, 126, 127, 128, 129, 130, 131, 145, 146, 147, 148, 149, 150, 151, 165, 166, 167, 168, 169, 170, 171, 185, 186, 187, 188, 189, 190
01638, 68, 69, 86, 87, 88, 89, 90, 105, 106, 107, 108, 109, 110, 111, 125, 126, 127, 128, 129, 130, 131, 145, 146, 147, 148, 149, 150, 151, 165, 166, 167, 168, 169, 170, 171, 185, 186, 187, 188, 189, 190
01639, 68, 69, 85, 86, 87, 88, 89, 90, 105, 106, 107, 108, 109, 110, 111, 125, 126, 127, 128, 129, 130, 131, 145, 146, 147, 148, 149, 150, 151, 165, 166, 167, 168, 169, 170, 171, 186, 187, 188, 189, 190
01640, 68, 69, 85, 86, 87, 88, 89, 90, 105, 106, 107, 108, 109, 110, 111, 125, 126, 127, 128, 129, 130, 131, 145, 146, 147, 148, 149, 150, 151, 165, 166, 167, 168, 169, 170, 171, 186, 187, 188, 189, 190
01641, 67, 68, 69, 85, 86, 87, 88, 89, 90, 105, 106, 107, 108, 109, 110, 111, 125, 126, 127, 128, 129, 130, 131, 145, 146, 147, 148, 149, 150, 151, 165, 166, 167, 168, 169, 170, 171, 186, 187, 188, 189, 190
01642, 67, 68, 69, 85, 86, 87, 88, 89, 90, 105, 106, 107, 108, 109, 110, 111, 125, 126, 127, 128, 129, 130, 131, 145, 146, 147, 148, 149, 150, 151, 165, 166, 167, 168, 169, 170, 171, 186, 187, 188, 189, 190
01643, 67, 68, 69, 85, 86, 87, 88, 89, 90, 105, 106, 107, 108, 109, 110, 111, 125, 126, 127, 128, 129, 130, 131, 145, 146, 147, 148, 149, 150, 151, 165, 166, 167, 168, 169, 170, 171, 186, 187, 188, 189
01644, 67, 68, 69, 85, 86, 87, 88, 89, 90, 105, 106, 107, 108, 109, 110, 111, 125, 126, 127, 128, 129, 130, 131, 145, 146, 147, 148, 149, 150, 151, 165, 166, 167, 168, 169, 170, 171, 186, 187, 188, 189
01645, 67, 68, 69, 85, 86, 87, 88, 89, 90, 105, 106, 107, 108, 109, 110, 111, 125, 126, 127, 128, 129, 130, 131, 145, 146, 147, 148, 149, 150, 151, 165, 166, 167, 168, 169, 170, 187, 188, 189
01646, 67, 68, 69, 85, 86, 87, 88, 89, 90, 105, 106, 107, 108, 109, 110, 111, 125, 126, 127, 128, 129, 130, 131, 145, 146, 147, 148, 149, 150, 151, 165, 166, 167, 168, 169, 170, 187, 188, 189
01647, 67, 68, 69, 85, 86, 87, 88, 89, 90, 105, 106, 107, 108, 109, 110, 111, 125, 126, 127, 128, 129, 130, 131, 145, 146, 147, 148, 149, 150, 151, 165, 166, 167, 168, 169, 170
01648, 67, 68, 69, 85, 86, 87, 88, 89, 90, 105, 106, 107, 108, 109, 110, 111, 125, 126, 127, 128, 129, 130, 131, 145, 146, 147, 148, 149, 150, 151, 165, 166, 167, 168, 169, 170
01649, 67, 68, 69, 70, 85, 86, 87, 88, 89, 90, 105, 106, 107, 108, 109, 110, 111, 125, 126, 127, 128, 129, 130, 131, 145, 146, 147, 148, 149, 150, 151, 165, 166, 167, 168, 169, 170
01650, 67, 68, 69, 70, 85, 86, 87, 88, 89, 90, 105, 106, 107, 108, 109, 110, 111, 125, 126, 127, 128, 129, 130, 131, 145, 146, 147, 148, 149, 150, 151, 165, 166, 167, 168, 169, 170
01651, 48, 66, 67, 68, 69, 70, 85, 86, 87, 88, 89, 90, 105, 106, 107, 108, 109, 110, 111, 125, 126, 127, 128, 129, 130, 131, 145, 146, 147, 148, 149, 150, 166, 167, 168, 169, 170
01652, 48, 66, 67, 68, 69, 70, 85, 86, 87, 88, 89, 90, 105, 106, 107, 108, 109, 110, 111, 125, 126, 127, 128, 129, 130, 131, 145, 146, 147, 148, 149, 150, 166, 167, 168, 169, 170
01653, 48, 66, 67, 68, 69, 70, 85, 86, 87, 88, 89, 90, 105, 106, 107, 108, 109, 110, 111, 125, 126, 127, 128, 129, 130, 131, 145, 146, 147, 148, 149, 150, 166, 167, 168, 169, 170
01654, 48, 66, 67, 68, 69, 70, 85, 86, 87, 88, 89, 90, 105, 106, 107, 108, 109, 110, 111, 125, 126, 127, 128, 129, 130, 131, 145, 146, 147, 148, 149, 150, 166, 167, 168, 169, 170
01655, 48, 49, 66, 67, 68, 69, 70, 85, 86, 87, 88, 89, 90, 105, 106, 107, 108, 109, 110, 111, 125, 126, 127, 128, 129, 130, 131, 145, 146, 147, 148, 149, 150, 166, 167, 168, 169, 170
01656, 48, 49, 66, 67, 68, 69, 70, 85, 86, 87, 88, 89, 90, 105, 106, 107, 108, 109, 110, 111, 125, 126, 127, 128, 129, 130, 131, 145, 146, 147, 148, 149, 150, 166, 167, 168, 169, 170
01657, 48, 49, 66, 67, 68, 69, 70, 85, 86, 87, 88, 89, 90, 105, 106, 107, 108, 109, 110, 111, 125, 126, 127, 128, 129, 130, 131, 145, 146, 147, 148, 149, 150, 166, 167, 168, 169, 170
01658, 48, 49, 66, 67, 68, 69, 70, 85, 86, 87, 88, 89, 90, 105, 106, 107, 108, 109, 110, 111, 125, 126, 127, 128, 129, 130, 131, 145, 146, 147, 148, 149, 150, 166, 167, 168, 169, 170
01659, 48, 49, 66, 67, 68, 69, 70, 85, 86, 87, 88, 89, 90, 105, 106, 107, 108, 109, 110, 111, 125, 126, 127, 128, 129, 130, 131, 145, 146, 147, 148, 149, 150, 166, 167, 168, 169, 170
01660, 48, 49, 66, 67, 68, 69, 70, 85, 86, 87, 88, 89, 90, 105, 106, 107, 108, 109, 110, 111, 125, 126, 127, 128, 129, 130, 131, 145, 146, 147, 148, 149, 150, 166, 167, 168, 169, 170
01661, 48, 49, 66, 67, 68, 69, 70, 85, 86, 87, 88, 89, 90, 105, 106, 107, 108, 109, 110, 111, 125, 126, 127, 128, 129, 130, 131, 145, 146, 147, 148, 149, 150, 166, 167, 168, 169, 170
01662, 48, 49, 66, 67, 68, 69, 70, 85, 86, 87, 88, 89, 90, 105, 106, 107, 108, 109, 110, 111, 125, 126, 127, 128, 129, 130, 131, 145, 146, 147, 148, 149, 150, 166, 167, 168, 169, 170
01663, 48, 49, 66, 67, 68, 69, 70, 85, 86, 87, 88, 89, 90, 105, 106, 107, 108, 109, 110, 111, 125, 126, 127, 128, 129, 130, 131, 145, 146, 147, 148, 149, 150, 166, 167, 168, 169, 170
01664, 48, 49, 66, 67, 68, 69, 70, 85, 86, 87, 88, 89, 90, 105, 106, 107, 108, 109, 110, 111, 125, 126, 127, 128, 129, 130, 131, 145, 146, 147, 148, 149, 150, 166, 167, 168, 169, 170
01665, 48, 49, 66, 67, 68, 69, 70, 85, 86, 87, 88, 89, 90, 91, 105, 106, 107, 108, 109, 110, 111, 125, 126, 127, 128, 129, 130, 131, 145, 146, 147, 148, 149, 150, 166, 167, 168, 169, 170
01666, 48, 49, 66, 67, 68, 69, 70, 85, 86, 87, 88, 89, 90, 91, 105, 106, 107, 108, 109, 110, 111, 125, 126, 127, 128, 129, 130, 131, 145, 146, 147, 148, 149, 150, 166, 167, 168, 169, 170
01667, 48, 49, 66, 67, 68, 69, 70, 85, 86, 87, 88, 89, 90, 91, 105, 106, 107, 108, 109, 110, 111, 125, 126, 127, 128, 129, 130, 131, 145, 146, 147, 148, 149, 150, 166, 167, 168, 169, 170
01668, 48, 49, 66, 67, 68, 69, 70, 85, 86, 87, 88, 89, 90, 91, 105, 106, 107, 108, 109, 110, 111, 125, 126, 127, 128, 129, 130, 131, 145, 146, 147, 148, 149, 150, 166, 167, 168, 169, 170
01669, 48, 49, 66, 67, 68, 69, 70, 85, 86, 87, 88, 89, 90, 91, 105, 106, 107, 108, 109, 110, 111, 125, 126, 127, 128, 129, 130, 131, 145, 146, 147, 148, 149, 150, 166, 167, 168, 169
01670, 48, 49, 66, 67, 68, 69, 70, 85, 86, 87, 88, 89, 90, 91, 105, 106, 107, 108, 109, 110, 111, 125, 126, 127, 128, 129, 130, 131, 145, 146, 147, 148, 149, 150, 166, 167, 168, 169
01671, 48, 49, 66, 67, 68, 69, 70, 85, 86, 87, 88, 89, 90, 91, 105, 106, 107, 108, 109, 110, 111, 125, 126, 127, 128, 129, 130, 131, 146, 147, 148, 149, 150, 167, 168, 169
01672, 48, 49, 66, 67, 68, 69, 70, 85, 86, 87, 88, 89, 90, 91, 105, 106, 107, 108, 109, 110, 111, 125, 126, 127, 128, 129, 130, 131, 146, 147, 148, 149, 150, 167, 168, 169
01673, 47, 48, 49, 50, 66, 67, 68, 69, 70, 71, 85, 86, 87, 88, 89, 90, 91, 105, 106, 107, 108, 109, 110, 111, 125, 126, 127, 128, 129, 130, 131, 146, 147, 148, 149, 150, 167, 168, 169
01674, 47, 48, 49, 50, 66, 67, 68, 69, 70, 71, 85, 86, 87, 88, 89, 90, 91, 105, 106, 107, 108, 109, 110, 111, 125, 126, 127, 128, 129, 130, 131, 146, 147, 148, 149, 150, 167, 168, 169
01675, 47, 48, 49, 50, 66, 67, 68, 69, 70, 71, 85, 86, 87, 88, 89, 90, 91, 105, 106, 107, 108, 109, 110, 111, 126, 127, 128, 129, 130, 131, 146, 147, 148, 149, 150
01676, 47, 48, 49, 50, 66, 67, 68, 69, 70, 71, 85, 86, 87, 88, 89, 90, 91, 105, 106, 107, 108, 109, 110, 111, 126, 127, 128, 129, 130, 131, 146, 147, 148, 149, 150
01677, 28, 29, 46, 47, 48, 49, 50, 51, 66, 67, 68, 69, 70, 71, 86, 87, 88, 89, 90, 91, 106, 107, 108, 109, 110, 111, 126, 127, 128, 129, 130, 131, 147, 148, 149, 150
01678, 28, 29, 46, 47, 48, 49, 50, 51, 66, 67, 68, 69, 70, 71, 86, 87, 88, 89, 90, 91, 106, 107, 108, 109, 110, 111, 126, 127, 128, 129, 130, 131, 147, 148, 149, 150
01679, 28, 29, 30, 46, 47, 48, 49, 50, 51, 66, 67, 68, 69, 70, 71, 86, 87, 88, 89, 90, 91, 106, 107, 108, 109, 110, 111, 126, 127, 128, 129, 130, 131, 147, 148, 149, 150
01680, 28, 29, 30, 46, 47, 48, 49, 50, 51, 66, 67, 68, 69, 70, 71, 86, 87, 88, 89, 90, 91, 106, 107, 108, 109, 110, 111, 126, 127, 128, 129, 130, 131, 147, 148, 149, 150
01681, 27, 28, 29, 30, 31, 46, 47, 48, 49, 50, 51, 66, 67, 68, 69, 70, 71, 86, 87, 88, 89, 90, 91, 106, 107, 108, 109, 110, 111, 127, 128, 129, 130, 131, 148, 149
01682, 27, 28, 29, 30, 31, 46, 47, 48, 49, 50, 51, 66, 67, 68, 69, 70, 71, 86, 87, 88, 89, 90, 91, 106, 107, 108, 109, 110, 111, 127, 128, 129, 130, 131, 148, 149
01683, 27, 28, 29, 30, 31, 46, 47, 48, 49, 50, 51, 52, 66, 67, 68, 69, 70, 71, 72, 86, 87, 88, 89, 90, 91, 92, 106, 107, 108, 109, 110, 111, 127, 128, 129, 130
01684, 27, 28, 29, 30, 31, 46, 47, 48, 49, 50, 51, 52, 66, 67, 68, 69, 70, 71, 72, 86, 87, 88, 89, 90, 91, 92, 106, 107, 108, 109, 110, 111, 127, 128, 129, 130
01685, 8, 9, 10, 26, 27, 28, 29, 30, 31, 32, 46, 47, 48, 49, 50, 51, 52, 66, 67, 68, 69, 70, 71, 72, 86, 87, 88, 89, 90, 91, 92, 106, 107, 108, 109, 110, 111, 127, 128, 129, 130
01686, 8, 9, 10, 26, 27, 28, 29, 30, 31, 32, 46, 47, 48, 49, 50, 51, 52, 66, 67, 68, 69, 70, 71, 72, 86, 87, 88, 89, 90, 91, 92, 106, 107, 108, 109, 110, 111, 127, 128, 129, 130
01687, 8, 9, 10, 11, 26, 27, 28, 29, 30, 31, 32, 46, 47, 48, 49, 50, 51, 52, 66, 67, 68, 69, 70, 71, 72, 86, 87, 88, 89, 90, 91, 92, 107, 108, 109, 110, 111, 128, 129, 130
01688, 8, 9, 10, 11, 26, 27, 28, 29, 30, 31, 32, 46, 47, 48, 49, 50, 51, 52, 66, 67, 68, 69, 70, 71, 72, 86, 87, 88, 89, 90, 91, 92, 107, 108, 109, 110, 111, 128, 129, 130
01689, 7, 8, 9, 10, 11, 12, 26, 27, 28, 29, 30, 31, 32, 46, 47, 48, 49, 50, 51, 52, 66, 67, 68, 69, 70, 71, 72, 86, 87, 88, 89, 90, 91, 92, 107, 108, 109, 110, 111, 128, 129, 130
01690, 7, 8, 9, 10, 11, 12, 26, 27, 28, 29, 30, 31, 32, 46, 47, 48, 49, 50, 51, 52, 66, 67, 68, 69, 70, 71, 72, 86, 87, 88, 89, 90, 91, 92, 107, 108, 109, 110, 111, 128, 129, 130
01691, 7, 8, 9, 10, 11, 12, 26, 27, 28, 29, 30, 31, 32, 46, 47, 48, 49, 50, 51, 52, 66, 67, 68, 69, 70, 71, 72, 86, 87, 88, 89, 90, 91, 92, 107, 108, 109, 110, 111, 128, 129, 130
01692, 7, 8, 9, 10, 11, 12, 26, 27, 28, 29, 30, 31, 32, 46, 47, 48, 49, 50, 51, 52, 66, 67, 68, 69, 70, 71, 72, 86, 87, 88, 89, 90, 91, 92, 107, 108, 109, 110, 111, 128, 129, 130
01693, 7, 8, 9, 10, 11, 12, 13, 26, 27, 28, 29, 30, 31, 32, 33, 46, 47, 48, 49, 50, 51, 52, 53, 66, 67, 68, 69, 70, 71, 72, 73, 86, 87, 88, 89, 90, 91, 92, 107, 108, 109, 110, 111, 129, 130
01694, 7, 8, 9, 10, 11, 12, 13, 26, 27, 28, 29, 30, 31, 32, 33, 46, 47, 48, 49, 50, 51, 52, 53, 66, 67, 68, 69, 70, 71, 72, 73, 86, 87, 88, 89, 90, 91, 92, 107, 108, 109, 110, 111, 129, 130
01695, 7, 8, 9, 10, 11, 12, 13, 26, 27, 28, 29, 30, 31, 32, 33, 46, 47, 48, 49, 50, 51, 52, 53, 66, 67, 68, 69, 70, 71, 72, 73, 86, 87, 88, 89, 90, 91, 92, 107, 108, 109, 110, 111, 129, 130
01696, 7, 8, 9, 10, 11, 12, 13, 26, 27, 28, 29, 30, 31, 32, 33, 46, 47, 48, 49, 50, 51, 52, 53, 66, 67, 68, 69, 70, 71, 72, 73, 86, 87, 88, 89, 90, 91, 92, 107, 108, 109, 110, 111, 129, 130
01697, 7, 8, 9, 10, 11, 12, 13, 26, 27, 28, 29, 30, 31, 32, 33, 46, 47, 48, 49, 50, 51, 52, 53, 66, 67, 68, 69, 70, 71, 72, 73, 87, 88, 89, 90, 91, 92, 107, 108, 109, 110, 111, 129, 130
01698, 7, 8, 9, 10, 11, 12, 13, 26, 27, 28, 29, 30, 31, 32, 33, 46, 47, 48, 49, 50, 51, 52, 53, 66, 67, 68, 69, 70, 71, 72, 73, 87, 88, 89, 90, 91, 92, 107, 108, 109, 110, 111, 129, 130
01699, 7, 8, 9, 10, 11, 12, 13, 26, 27, 28, 29, 30, 31, 32, 33, 46, 47, 48, 49, 50, 51, 52, 53, 66, 67, 68, 69, 70, 71, 72, 73, 87, 88, 89, 90, 91, 92, 93, 108, 109, 110, 111, 112, 129, 130
01700, 7, 8, 9, 10, 11, 12, 13, 26, 27, 28, 29, 30, 31, 32, 33, 46, 47, 48, 49, 50, 51, 52, 53, 66, 67, 68, 69, 70, 71, 72, 73, 87, 88, 89, 90, 91, 92, 93, 108, 109, 110, 111, 112, 129, 130
01701, 7, 8, 9, 10, 11, 12, 13, 26, 27, 28, 29, 30, 31, 32, 33, 46, 47, 48, 49, 50, 51, 52, 53, 66, 67, 68, 69, 70, 71, 72, 73, 87, 88, 89, 90, 91, 92, 93, 108, 109, 110, 111, 112, 129, 130
01702, 7, 8, 9, 10, 11, 12, 13, 26, 27, 28, 29, 30, 31, 32, 33, 46, 47, 48, 49, 50, 51, 52, 53, 66, 67, 68, 69, 70, 71, 72, 73, 87, 88, 89, 90, 91, 92, 93, 108, 109, 110, 111, 112, 129, 130
01703, 7, 8, 9, 10, 11, 12, 13, 14, 26, 27, 28, 29, 30, 31, 32, 33, 34, 46, 47, 48, 49, 50, 51, 52, 53, 67, 68, 69, 70, 71, 72, 73, 87, 88, 89, 90, 91, 92, 93, 108, 109, 110, 111, 112, 130
01704, 7, 8, 9, 10, 11, 12, 13, 14, 26, 27, 28, 29, 30, 31, 32, 33, 34, 46, 47, 48, 49, 50, 51, 52, 53, 67, 68, 69, 70, 71, 72, 73, 87, 88, 89, 90, 91, 92, 93, 108, 109, 110, 111, 112, 130
01705, 7, 8, 9, 10, 11, 12, 13, 14, 26, 27, 28, 29, 30, 31, 32, 33, 34, 47, 48, 49, 50, 51, 52, 53, 54, 67, 68, 69, 70, 71, 72, 73, 87, 88, 89, 90, 91, 92, 93, 108, 109, 110, 111, 112
01706, 7, 8, 9, 10, 11, 12, 13, 14, 26, 27, 28, 29, 30, 31, 32, 33, 34, 47, 48, 49, 50, 51, 52, 53, 54, 67, 68, 69, 70, 71, 72, 73, 87, 88, 89, 90, 91, 92, 93, 108, 109, 110, 111, 112
01707, 7, 8, 9, 10, 11, 12, 13, 14, 26, 27, 28, 29, 30, 31, 32, 33, 34, 47, 48, 49, 50, 51, 52, 53, 54, 67, 68, 69, 70, 71, 72, 73, 74, 87, 88, 89, 90, 91, 92, 93, 108, 109, 110, 111, 112
01708, 7, 8, 9, 10, 11, 12, 13, 14, 26, 27, 28, 29, 30, 31, 32, 33, 34, 47, 48, 49, 50, 51, 52, 53, 54, 67, 68, 69, 70, 71, 72, 73, 74, 87, 88, 89, 90, 91, 92, 93, 108, 109, 110, 111, 112
01709, 8, 9, 10, 11, 12, 13, 14, 27, 28, 29, 30, 31, 32, 33, 34, 47, 48, 49, 50, 51, 52, 53, 54, 67, 68, 69, 70, 71, 72, 73, 74, 87, 88, 89, 90, 91, 92, 93, 108, 109, 110, 111, 112
01710, 8, 9, 10, 11, 12, 13, 14, 27, 28, 29, 30, 31, 32, 33, 34, 47, 48, 49, 50, 51, 52, 53, 54, 67, 68, 69, 70, 71, 72, 73, 74, 87, 88, 89, 90, 91, 92, 93, 108, 109, 110, 111, 112
01711, 8, 9, 10, 11, 12, 13, 14, 27, 28, 29, 30, 31, 32, 33, 34, 47, 48, 49, 50, 51, 52, 53, 54, 67, 68, 69, 70, 71, 72, 73, 74, 88, 89, 90, 91, 92, 93, 109, 110, 111, 112
01712, 8, 9, 10, 11, 12, 13, 14, 27, 28, 29, 30, 31, 32, 33, 34, 47, 48, 49, 50, 51, 52, 53, 54, 67, 68, 69, 70, 71, 72, 73, 74, 88, 89, 90, 91, 92, 93, 109, 110, 111, 112
01713, 8, 9, 10, 11, 12, 13, 14, 15, 27, 28, 29, 30, 31, 32, 33, 34, 35, 47, 48, 49, 50, 51, 52, 53, 54, 67, 68, 69, 70, 71, 72, 73, 74, 88, 89, 90, 91, 92, 93, 94, 109, 110, 111, 112, 113
01714, 8, 9, 10, 11, 12, 13, 14, 15, 27, 28, 29, 30, 31, 32, 33, 34, 35, 47, 48, 49, 50, 51, 52, 53, 54, 67, 68, 69, 70, 71, 72, 73, 74, 88, 89, 90, 91, 92, 93, 94, 109, 110, 111, 112, 113
01715, 8, 9, 10, 11, 12, 13, 14, 15, 27, 28, 29, 30, 31, 32, 33, 34, 35, 47, 48, 49, 50, 51, 52, 53, 54, 55, 68, 69, 70, 71, 72, 73, 74, 88, 89, 90, 91, 92, 93, 94, 109, 110, 111, 112, 113
01716, 8, 9, 10, 11, 12, 13, 14, 15, 27, 28, 29, 30, 31, 32, 33, 34, 35, 47, 48, 49, 50, 51, 52, 53, 54, 55, 68, 69, 70, 71, 72, 73, 74, 88, 89, 90, 91, 92, 93, 94, 109, 110, 111, 112, 113
01717, 9, 10, 11, 12, 13, 14, 15, 28, 29, 30, 31, 32, 33, 34, 35, 48, 49, 50, 51, 52, 53, 54, 55, 68, 69, 70, 71, 72, 73, 74, 75, 88, 89, 90, 91, 92, 93, 94, 109, 110, 111, 112, 113, 131
01718, 9, 10, 11, 12, 13, 14, 15, 28, 29, 30, 31, 32, 33, 34, 35, 48, 49, 50, 51, 52, 53, 54, 55, 68, 69, 70, 71, 72, 73, 74, 75, 88, 89, 90, 91, 92, 93, 94, 109, 110, 111, 112, 113, 131
01719, 9, 10, 11, 12, 13, 14, 15, 28, 29, 30, 31, 32, 33, 34, 35, 48, 49, 50, 51, 52, 53, 54, 55, 68, 69, 70, 71, 72, 73, 74, 75, 89, 90, 91, 92, 93, 94, 95, 110, 111, 112, 113, 114, 131, 132
01720, 9, 10, 11, 12, 13, 14, 15, 28, 29, 30, 31, 32, 33, 34, 35, 48, 49, 50, 51, 52, 53, 54, 55, 68, 69, 70, 71, 72, 73, 74, 75, 89, 90, 91, 92, 93, 94, 95, 110, 111, 112, 113, 114, 131, 132
01721, 10, 11, 12, 13, 14, 15, 28, 29, 30, 31, 32, 33, 34, 35, 48, 49, 50, 51, 52, 53, 54, 55, 69, 70, 71, 72, 73, 74, 75, 89, 90, 91, 92, 93, 94, 95, 110, 111, 112, 113, 114, 131, 132
01722, 10, 11, 12, 13, 14, 15, 28, 29, 30, 31, 32, 33, 34, 35, 48, 49, 50, 51, 52, 53, 54, 55, 69, 70, 71, 72, 73, 74, 75, 89, 90, 91, 92, 93, 94, 95, 110, 111, 112, 113, 114, 131, 132
01723, 10, 11, 12, 13, 14, 15, 29, 30, 31, 32, 33, 34, 35, 49, 50, 51, 52, 53, 54, 55, 69, 70, 71, 72, 73, 74, 75, 89, 90, 91, 92, 93, 94, 95, 110, 111, 112, 113, 114, 131, 132, 133
01724, 10, 11, 12, 13, 14, 15, 29, 30, 31, 32, 33, 34, 35, 49, 50, 51, 52, 53, 54, 55, 69, 70, 71, 72, 73, 74, 75, 89, 90, 91, 92, 93, 94, 95, 110, 111, 112, 113, 114, 131, 132, 133
01725, 10, 11, 12, 13, 14, 15, 29, 30, 31, 32, 33, 34, 35, 49, 50, 51, 52, 53, 54, 55, 69, 70, 71, 72, 73, 74, 75, 89, 90, 91, 92, 93, 94, 95, 110, 111, 112, 113, 114, 131, 132, 133
01726, 10, 11, 12, 13, 14, 15, 29, 30, 31, 32, 33, 34, 35, 49, 50, 51, 52, 53, 54, 55, 69, 70, 71, 72, 73, 74, 75, 89, 90, 91, 92, 93, 94, 95, 110, 111, 112, 113, 114, 131, 132, 133
01727, 10, 11, 12, 13, 14, 15, 29, 30, 31, 32, 33, 34, 35, 49, 50, 51, 52, 53, 54, 55, 69, 70, 71, 72, 73, 74, 75, 89, 90, 91, 92, 93, 94, 95, 110, 111, 112, 113, 114, 131, 132, 133
01728, 10, 11, 12, 13, 14, 15, 29, 30, 31, 32, 33, 34, 35, 49, 50, 51, 52, 53, 54, 55, 69, 70, 71, 72, 73, 74, 75, 89, 90, 91, 92, 93, 94, 95, 110, 111, 112, 113, 114, 131, 132, 133
01729, 10, 11, 12, 13, 14, 15, 29, 30, 31, 32, 33, 34, 35, 49, 50, 51, 52, 53, 54, 55, 69, 70, 71, 72, 73, 74, 75, 89, 90, 91, 92, 93, 94, 95, 110, 111, 112, 113, 114, 131, 132, 133
01730, 10, 11, 12, 13, 14, 15, 29, 30, 31, 32, 33, 34, 35, 49, 50, 51, 52, 53, 54, 55, 69, 70, 71, 72, 73, 74, 75, 89, 90, 91, 92, 93, 94, 95, 110, 111, 112, 113, 114, 131, 132, 133
01731, 11, 12, 13, 14, 15, 29, 30, 31, 32, 33, 34, 35, 36, 49, 50, 51, 52, 53, 54, 55, 56, 69, 70, 71, 72, 73, 74, 75, 76, 89, 90, 91, 92, 93, 94, 95, 110, 111, 112, 113, 114, 115, 131, 132, 133
01732, 11, 12, 13, 14, 15, 29, 30, 31, 32, 33, 34, 35, 36, 49, 50, 51, 52, 53, 54, 55, 56, 69, 70, 71, 72, 73, 74, 75, 76, 89, 90, 91, 92, 93, 94, 95, 110, 111, 112, 113, 114, 115, 131, 132, 133
01733, 11, 12, 13, 14, 15, 29, 30, 31, 32, 33, 34, 35, 36, 49, 50, 51, 52, 53, 54, 55, 56, 69, 70, 71, 72, 73, 74, 75, 76, 89, 90, 91, 92, 93, 94, 95, 110, 111, 112, 113, 114, 115, 131, 132, 133, 134
01734, 11, 12, 13, 14, 15, 29, 30, 31, 32, 33, 34, 35, 36, 49, 50, 51, 52, 53, 54, 55, 56, 69, 70, 71, 72, 73, 74, 75, 76, 89, 90, 91, 92, 93, 94, 95, 110, 111, 112, 113, 114, 115, 131, 132, 133, 134
01735, 11, 12, 13, 14, 15, 30, 31, 32, 33, 34, 35, 36, 49, 50, 51, 52, 53, 54, 55, 56, 69, 70, 71, 72, 73, 74, 75, 76, 90, 91, 92, 93, 94, 95, 96, 110, 111, 112, 113, 114, 115, 131, 132, 133, 134
01736, 11, 12, 13, 14, 15, 30, 31, 32, 33, 34, 35, 36, 49, 50, 51, 52, 53, 54, 55, 56, 69, 70, 71, 72, 73, 74, 75, 76, 90, 91, 92, 93, 94, 95, 96, 110, 111, 112, 113, 114, 115, 131, 132, 133, 134
01737, 11, 12, 13, 14, 15, 30, 31, 32, 33, 34, 35, 36, 50, 51, 52, 53, 54, 55, 56, 70, 71, 72, 73, 74, 75, 76, 90, 91, 92, 93, 94, 95, 96, 110, 111, 112, 113, 114, 115, 132, 133, 134
01738, 11, 12, 13, 14, 15, 30, 31, 32, 33, 34, 35, 36, 50, 51, 52, 53, 54, 55, 56, 70, 71, 72, 73, 74, 75, 76, 90, 91, 92, 93, 94, 95, 96, 110, 111, 112, 113, 114, 115, 132, 133, 134
01739, 12, 13, 14, 15, 30, 31, 32, 33, 34, 35, 36, 50, 51, 52, 53, 54, 55, 56, 70, 71, 72, 73, 74, 75, 76, 90, 91, 92, 93, 94, 95, 96, 111, 112, 113, 114, 115, 132, 133, 134
01740, 12, 13, 14, 15, 30, 31, 32, 33, 34, 35, 36, 50, 51, 52, 53, 54, 55, 56, 70, 71, 72, 73, 74, 75, 76, 90, 91, 92, 93, 94, 95, 96, 111, 112, 113, 114, 115, 132, 133, 134
01741, 12, 13, 14, 15, 30, 31, 32, 33, 34, 35, 36, 50, 51, 52, 53, 54, 55, 56, 70, 71, 72, 73, 74, 75, 76, 90, 91, 92, 93, 94, 95, 96, 111, 112, 113, 114, 115, 132, 133, 134
01742, 12, 13, 14, 15, 30, 31, 32, 33, 34, 35, 36, 50, 51, 52, 53, 54, 55, 56, 70, 71, 72, 73, 74, 75, 76, 90, 91, 92, 93, 94, 95, 96, 111, 112, 113, 114, 115, 132, 133, 134
01743, 12, 13, 14, 15, 30, 31, 32, 33, 34, 35, 36, 50, 51, 52, 53, 54, 55, 56, 70, 71, 72, 73, 74, 75, 76, 90, 91, 92, 93, 94, 95, 96, 111, 112, 113, 114, 115, 132, 133, 134
01744, 12, 13, 14, 15, 30, 31, 32, 33, 34, 35, 36, 50, 51, 52, 53, 54, 55, 56, 70, 71, 72, 73, 74, 75, 76, 90, 91, 92, 93, 94, 95, 96, 111, 112, 113, 114, 115, 132, 133, 134
01745, 12, 13, 14, 15, 30, 31, 32, 33, 34, 35, 36, 50, 51, 52, 53, 54, 55, 56, 70, 71, 72, 73, 74, 75, 76, 90, 91, 92, 93, 94, 95, 96, 111, 112, 113, 114, 115, 116, 132, 133, 134
01746, 12, 13, 14, 15, 30, 31, 32, 33, 34, 35, 36, 50, 51, 52, 53, 54, 55, 56, 70, 71, 72, 73, 74, 75, 76, 90, 91, 92, 93, 94, 95, 96, 111, 112, 113, 114, 115, 116, 132, 133, 134
01747, 12, 13, 14, 15, 30, 31, 32, 33, 34, 35, 36, 50, 51, 52, 53, 54, 55, 56, 70, 71, 72, 73, 74, 75, 76, 90, 91, 92, 93, 94, 95, 96, 111, 112, 113, 114, 115, 116, 132, 133, 134, 135
01748, 12, 13, 14, 15, 30, 31, 32, 33, 34, 35, 36, 50, 51, 52, 53, 54, 55, 56, 70, 71, 72, 73, 74, 75, 76, 90, 91, 92, 93, 94, 95, 96, 111, 112, 113, 114, 115, 116, 132, 133, 134, 135
01749, 12, 13, 14, 15, 30, 31, 32, 33, 34, 35, 36, 50, 51, 52, 53, 54, 55, 56, 70, 71, 72, 73, 74, 75, 76, 90, 91, 92, 93, 94, 95, 96, 111, 112, 113, 114, 115, 116, 132, 133, 134, 135
01750, 12, 13, 14, 15, 30, 31, 32, 33, 34, 35, 36, 50, 51, 52, 53, 54, 55, 56, 70, 71, 72, 73, 74, 75, 76, 90, 91, 92, 93, 94, 95, 96, 111, 112, 113, 114, 115, 116, 132, 133, 134, 135
01751, 12, 13, 14, 15, 30, 31, 32, 33, 34, 35, 36, 50, 51, 52, 53, 54, 55, 56, 70, 71, 72, 73, 74, 75, 76, 90, 91, 92, 93, 94, 95, 96, 111, 112, 113, 114, 115, 116, 132, 133, 134, 135
01752, 12, 13, 14, 15, 30, 31, 32, 33, 34, 35, 36, 50, 51, 52, 53, 54, 55, 56, 70, 71, 72, 73, 74, 75, 76, 90, 91, 92, 93, 94, 95, 96, 111, 112, 113, 114, 115, 116, 132, 133, 134, 135
01753, 12, 13, 14, 15, 30, 31, 32, 33, 34, 35, 36, 50, 51, 52, 53, 54, 55, 56, 70, 71, 72, 73, 74, 75, 76, 90, 91, 92, 93, 94, 95, 96, 111, 112, 113, 114, 115, 116, 132, 133, 134, 135
01754, 12, 13, 14, 15, 30, 31, 32, 33, 34, 35, 36, 50, 51, 52, 53, 54, 55, 56, 70, 71, 72, 73, 74, 75, 76, 90, 91, 92, 93, 94, 95, 96, 111, 112, 113, 114, 115, 116, 132, 133, 134, 135
01755, 12, 13, 14, 15, 30, 31, 32, 33, 34, 35, 36, 50, 51, 52, 53, 54, 55, 56, 70, 71, 72, 73, 74, 75, 76, 90, 91, 92, 93, 94, 95, 96, 111, 112, 113, 114, 115, 116, 132, 133, 134, 135
01756, 12, 13, 14, 15, 30, 31, 32, 33, 34, 35, 36, 50, 51, 52, 53, 54, 55, 56, 70, 71, 72, 73, 74, 75, 76, 90, 91, 92, 93, 94, 95, 96, 111, 112, 113, 114, 115, 116, 132, 133, 134, 135
01757, 13, 14, 15, 30, 31, 32, 33, 34, 35, 36, 50, 51, 52, 53, 54, 55, 56, 70, 71, 72, 73, 74, 75, 76, 90, 91, 92, 93, 94, 95, 96, 111, 112, 113, 114, 115, 116, 132, 133, 134, 135
01758, 13, 14, 15, 30, 31, 32, 33, 34, 35, 36, 50, 51, 52, 53, 54, 55, 56, 70, 71, 72, 73, 74, 75, 76, 90, 91, 92, 93, 94, 95, 96, 111, 112, 113, 114, 115, 116, 132, 133, 134, 135
01759, 13, 14, 15, 30, 31, 32, 33, 34, 35, 36, 50, 51, 52, 53, 54, 55, 56, 70, 71, 72, 73, 74, 75, 76, 90, 91, 92, 93, 94, 95, 96, 111, 112, 113, 114, 115, 116, 132, 133, 134, 135
01760, 13, 14, 15, 30, 31, 32, 33, 34, 35, 36, 50, 51, 52, 53, 54, 55, 56, 70, 71, 72, 73, 74, 75, 76, 90, 91, 92, 93, 94, 95, 96, 111, 112, 113, 114, 115, 116, 132, 133, 134, 135
01761, 13, 14, 15, 30, 31, 32, 33, 34, 35, 36, 50, 51, 52, 53, 54, 55, 56, 70, 71, 72, 73, 74, 75, 76, 90, 91, 92, 93, 94, 95, 96, 111, 112, 113, 114, 115, 116, 132, 133, 134, 135
01762, 13, 14, 15, 30, 31, 32, 33, 34, 35, 36, 50, 51, 52, 53, 54, 55, 56, 70, 71, 72, 73, 74, 75, 76, 90, 91, 92, 93, 94, 95, 96, 111, 112, 113, 114, 115, 116, 132, 133, 134, 135
01763, 13, 14, 15, 30, 31, 32, 33, 34, 35, 36, 50, 51, 52, 53, 54, 55, 56, 70, 71, 72, 73, 74, 75, 76, 90, 91, 92, 93, 94, 95, 96, 111, 112, 113, 114, 115, 116, 132, 133, 134, 135
01764, 13, 14, 15, 30, 31, 32, 33, 34, 35, 36, 50, 51, 52, 53, 54, 55, 56, 70, 71, 72, 73, 74, 75, 76, 90, 91, 92, 93, 94, 95, 96, 111, 112, 113, 114, 115, 116, 132, 133, 134, 135
01765, 13, 14, 15, 31, 32, 33, 34, 35, 36, 50, 51, 52, 53, 54, 55, 56, 70, 71, 72, 73, 74, 75, 76, 90, 91, 92, 93, 94, 95, 96, 111, 112, 113, 114, 115, 116, 132, 133, 134, 135
01766, 13, 14, 15, 31, 32, 33, 34, 35, 36, 50, 51, 52, 53, 54, 55, 56, 70, 71, 72, 73, 74, 75, 76, 90, 91, 92, 93, 94, 95, 96, 111, 112, 113, 114, 115, 116, 132, 133, 134, 135
01767, 13, 14, 31, 32, 33, 34, 35, 36, 50, 51, 52, 53, 54, 55, 56, 70, 71, 72, 73, 74, 75, 76, 90, 91, 92, 93, 94, 95, 96, 111, 112, 113, 114, 115, 116, 132, 133, 134, 135
01768, 13, 14, 31, 32, 33, 34, 35, 36, 50, 51, 52, 53, 54, 55, 56, 70, 71, 72, 73, 74, 75, 76, 90, 91, 92, 93, 94, 95, 96, 111, 112, 113, 114, 115, 116, 132, 133, 134, 135
01769, 13, 14, 31, 32, 33, 34, 35, 36, 50, 51, 52, 53, 54, 55, 56, 70, 71, 72, 73, 74, 75, 76, 90, 91, 92, 93, 94, 95, 96, 111, 112, 113, 114, 115, 116, 132, 133, 134, 135
01770, 13, 14, 31, 32, 33, 34, 35, 36, 50, 51, 52, 53, 54, 55, 56, 70, 71, 72, 73, 74, 75, 76, 90, 91, 92, 93, 94, 95, 96, 111, 112, 113, 114, 115, 116, 132, 133, 134, 135
01771, 13, 14, 31, 32, 33, 34, 35, 36, 50, 51, 52, 53, 54, 55, 56, 70, 71, 72, 73, 74, 75, 76, 90, 91, 92, 93, 94, 95, 96, 111, 112, 113, 114, 115, 116, 132, 133, 134, 135
01772, 13, 14, 31, 32, 33, 34, 35, 36, 50, 51, 52, 53, 54, 55, 56, 70, 71, 72, 73, 74, 75, 76, 90, 91, 92, 93, 94, 95, 96, 111, 112, 113, 114, 115, 116, 132, 133, 134, 135
01773, 13, 14, 31, 32, 33, 34, 35, 36, 50, 51, 52, 53, 54, 55, 56, 70, 71, 72, 73, 74, 75, 76, 90, 91, 92, 93, 94, 95, 96, 111, 112, 113, 114, 115, 116, 132, 133, 134, 135
01774, 13, 14, 31, 32, 33, 34, 35, 36, 50, 51, 52, 53, 54, 55, 56, 70, 71, 72, 73, 74, 75, 76, 90, 91, 92, 93, 94, 95, 96, 111, 112, 113, 114, 115, 116, 132, 133, 134, 135
01775, 13, 14, 31, 32, 33, 34, 35, 36, 50, 51, 52, 53, 54, 55, 56, 70, 71, 72, 73, 74, 75, 76, 90, 91, 92, 93, 94, 95, 96, 111, 112, 113, 114, 115, 116, 132, 133, 134, 135
01776, 13, 14, 31, 32, 33, 34, 35, 36, 50, 51, 52, 53, 54, 55, 56, 70, 71, 72, 73, 74, 75, 76, 90, 91, 92, 93, 94, 95, 96, 111, 112, 113, 114, 115, 116, 132, 133, 134, 135
01777, 13, 14, 31, 32, 33, 34, 35, 36, 50, 51, 52, 53, 54, 55, 56, 70, 71, 72, 73, 74, 75, 76, 90, 91, 92, 93, 94, 95, 96, 111, 112, 113, 114, 115, 116, 132, 133, 134, 135
01778, 13, 14, 31, 32, 33, 34, 35, 36, 50, 51, 52, 53, 54, 55, 56, 70, 71, 72, 73, 74, 75, 76, 90, 91, 92, 93, 94, 95, 96, 111, 112, 113, 114, 115, 116, 132, 133, 134, 135
01779, 13, 14, 31, 32, 33, 34, 35, 36, 50, 51, 52, 53, 54, 55, 56, 70, 71, 72, 73, 74, 75, 76, 90, 91, 92, 93, 94, 95, 96, 111, 112, 113, 114, 115, 116, 132, 133, 134, 135
01780, 13, 14, 31, 32, 33, 34, 35, 36, 50, 51, 52, 53, 54, 55, 56, 70, 71, 72, 73, 74, 75, 76, 90, 91, 92, 93, 94, 95, 96, 111, 112, 113, 114, 115, 116, 132, 133, 134, 135
01781, 14, 31, 32, 33, 34, 35, 36, 50, 51, 52, 53, 54, 55, 56, 70, 71, 72, 73, 74, 75, 76, 90, 91, 92, 93, 94, 95, 96, 111, 112, 113, 114, 115, 116, 132, 133, 134, 135
01782, 14, 31, 32, 33, 34, 35, 36, 50, 51, 52, 53, 54, 55, 56, 70, 71, 72, 73, 74, 75, 76, 90, 91, 92, 93, 94, 95, 96, 111, 112, 113, 114, 115, 116, 132, 133, 134, 135
01783, 14, 31, 32, 33, 34, 35, 36, 50, 51, 52, 53, 54, 55, 56, 70, 71, 72, 73, 74, 75, 76, 90, 91, 92, 93, 94, 95, 96, 111, 112, 113, 114, 115, 116, 132, 133, 134, 135
01784, 14, 31, 32, 33, 34, 35, 36, 50, 51, 52, 53, 54, 55, 56, 70, 71, 72, 73, 74, 75, 76, 90, 91, 92, 93, 94, 95, 96, 111, 112, 113, 114, 115, 116, 132, 133, 134, 135
01785, 14, 31, 32, 33, 34, 35, 36, 50, 51, 52, 53, 54, 55, 56, 70, 71, 72, 73, 74, 75, 76, 90, 91, 92, 93, 94, 95, 96, 111, 112, 113, 114, 115, 116, 132, 133, 134, 135
01786, 14, 31, 32, 33, 34, 35, 36, 50, 51, 52, 53, 54, 55, 56, 70, 71, 72, 73, 74, 75, 76, 90, 91, 92, 93, 94, 95, 96, 111, 112, 113, 114, 115, 116, 132, 133, 134, 135
01787, 14, 31, 32, 33, 34, 35, 36, 50, 51, 52, 53, 54, 55, 56, 70, 71, 72, 73, 74, 75, 76, 90, 91, 92, 93, 94, 95, 96, 111, 112, 113, 114, 115, 116, 132, 133, 134, 135
01788, 14, 31, 32, 33, 34, 35, 36, 50, 51, 52, 53, 54, 55, 56, 70, 71, 72, 73, 74, 75, 76, 90, 91, 92, 93, 94, 95, 96, 111, 112, 113, 114, 115, 116, 132, 133, 134, 135
01789, 14, 31, 32, 33, 34, 35, 36, 50, 51, 52, 53, 54, 55, 56, 70, 71, 72, 73, 74, 75, 76, 90, 91, 92, 93, 94, 95, 96, 111, 112, 113, 114, 115, 116, 132, 133, 134, 135
01790, 14, 31, 32, 33, 34, 35, 36, 50, 51, 52, 53, 54, 55, 56, 70, 71, 72, 73, 74, 75, 76, 90, 91, 92, 93, 94, 95, 96, 111, 112, 113, 114, 115, 116, 132, 133, 134, 135
01791, 14, 31, 32, 33, 34, 35, 36, 50, 51, 52, 53, 54, 55, 56, 70, 71, 72, 73, 74, 75, 76, 90, 91, 92, 93, 94, 95, 96, 111, 112, 113, 114, 115, 116, 132, 133, 134, 135
01792, 14, 31, 32, 33, 34, 35, 36, 50, 51, 52, 53, 54, 55, 56, 70, 71, 72, 73, 74, 75, 76, 90, 91, 92, 93, 94, 95, 96, 111, 112, 113, 114, 115, 116, 132, 133, 134, 135
01793, 32, 33, 34, 35, 36, 50, 51, 52, 53, 54, 55, 56, 70, 71, 72, 73, 74, 75, 76, 90, 91, 92, 93, 94, 95, 96, 111, 112, 113, 114, 115, 116, 132, 133, 134, 135
01794, 32, 33, 34, 35, 36, 50, 51, 52, 53, 54, 55, 56, 70, 71, 72, 73, 74, 75, 76, 90, 91, 92, 93, 94, 95, 96, 111, 112, 113, 114, 115, 116, 132, 133, 134, 135
01795, 32, 33, 34, 35, 36, 50, 51, 52, 53, 54, 55, 56, 70, 71, 72, 73, 74, 75, 76, 90, 91, 92, 93, 94, 95, 96, 111, 112, 113, 114, 115, 116, 132, 133, 134, 135
01796, 32, 33, 34, 35, 36, 50, 51, 52, 53, 54, 55, 56, 70, 71, 72, 73, 74, 75, 76, 90, 91, 92, 93, 94, 95, 96, 111, 112, 113, 114, 115, 116, 132, 133, 134, 135
01797, 32, 33, 34, 35, 36, 50, 51, 52, 53, 54, 55, 56, 70, 71, 72, 73, 74, 75, 76, 90, 91, 92, 93, 94, 95, 96, 111, 112, 113, 114, 115, 116, 132, 133, 134, 135
01798, 32, 33, 34, 35, 36, 50, 51, 52, 53, 54, 55, 56, 70, 71, 72, 73, 74, 75, 76, 90, 91, 92, 93, 94, 95, 96, 111, 112, 113, 114, 115, 116, 132, 133, 134, 135
01799, 32, 33, 34, 35, 36, 51, 52, 53, 54, 55, 56, 70, 71, 72, 73, 74, 75, 76, 90, 91, 92, 93, 94, 95, 96, 111, 112, 113, 114, 115, 116, 132, 133, 134, 135
01800, 32, 33, 34, 35, 36, 51, 52, 53, 54, 55, 56, 70, 71, 72, 73, 74, 75, 76, 90, 91, 92, 93, 94, 95, 96, 111, 112, 113, 114, 115, 116, 132, 133, 134, 135
